recid1,recid2
1.1,1.2
2.4,2.7
2.7,2.13
2.13,2.14
2.14,2.6
2.6,2.1
2.1,2.11
2.11,2.8
2.8,2.2
2.2,2.5
2.5,2.3
2.3,2.9
2.9,2.10
2.10,2.12
2.12,2.15
3.9,3.11
3.11,3.10
3.10,3.4
3.4,3.5
3.5,3.7
3.7,3.6
3.6,3.2
3.2,3.3
3.3,3.8
4.3,4.1
4.1,4.2
6.2,6.3
6.3,6.1
7.2,7.1
7.1,7.3
7.3,7.4
8.1,8.2
8.2,8.3
8.3,8.4
9.1,9.10
9.10,9.4
9.4,9.2
9.2,9.5
9.5,9.11
9.11,9.12
9.12,9.3
9.3,9.7
9.7,9.6
9.6,9.8
10.2,10.1
11.2,11.4
11.4,11.5
11.5,11.6
11.6,11.1
11.1,11.3
11.3,11.7
12.1,12.4
12.4,12.5
12.5,12.3
12.3,12.2
13.1,13.2
14.10,14.6
14.6,14.8
14.8,14.9
14.9,14.3
14.3,14.4
14.4,14.7
14.7,14.1
14.1,14.2
14.2,14.5
15.2,15.1
16.1,16.2
16.2,16.3
16.3,16.4
17.4,17.1
17.1,17.6
17.6,17.3
17.3,17.2
17.2,17.5
18.6,18.9
18.9,18.1
18.1,18.10
18.10,18.4
18.4,18.3
18.3,18.5
18.5,18.7
18.7,18.2
18.2,18.8
19.3,19.5
19.5,19.1
19.1,19.4
19.4,19.2
19.2,19.6
20.1,20.3
20.3,20.7
20.7,20.6
20.6,20.2
20.2,20.8
20.8,20.9
20.9,20.5
20.5,20.4
21.1,21.4
21.4,21.3
21.3,21.2
21.2,21.5
22.3,22.1
22.1,22.2
22.2,22.4
22.4,22.5
23.2,23.4
23.4,23.5
23.5,23.6
23.6,23.1
23.1,23.3
24.5,24.3
24.3,24.4
24.4,24.9
24.9,24.1
24.1,24.6
24.6,24.7
24.7,24.8
24.8,24.2
25.1,25.5
25.5,25.8
25.8,25.2
25.2,25.4
25.4,25.6
25.6,25.3
25.3,25.7
26.1,26.5
26.5,26.2
26.2,26.4
26.4,26.6
26.6,26.3
27.2,27.1
27.1,27.5
27.5,27.6
27.6,27.7
27.7,27.4
27.4,27.3
28.2,28.1
28.1,28.4
28.4,28.3
30.1,30.2
30.2,30.3
30.3,30.4
30.4,30.5
30.5,30.6
30.6,30.7
31.1,32.3
32.3,32.2
32.2,32.1
31.2,31.3
33.3,33.1
33.1,33.4
33.4,33.2
34.1,34.2
34.2,34.3
34.3,34.4
35.1,35.7
35.7,35.8
35.8,35.4
35.4,35.5
35.5,35.6
35.6,35.3
35.3,35.2
36.1,36.4
36.4,36.2
36.2,36.3
37.4,37.5
37.5,37.8
37.8,37.3
37.3,37.1
37.1,37.6
37.6,37.7
37.7,37.2
38.3,38.5
38.5,38.6
38.6,38.1
38.1,38.4
38.4,38.2
39.1,39.2
40.2,40.4
40.4,40.1
40.1,40.3
41.2,41.1
41.1,41.4
41.4,41.3
41.3,41.5
42.2,42.5
42.5,42.8
42.8,42.4
42.4,42.7
42.7,42.9
42.9,42.3
43.4,43.5
43.5,43.1
43.1,43.2
43.2,43.7
43.7,43.3
43.3,43.8
43.8,43.6
44.2,44.1
45.2,45.3
45.3,45.1
45.1,45.4
46.2,46.5
46.5,46.4
46.4,46.1
46.1,46.3
47.2,47.3
47.3,47.8
47.8,47.10
47.10,47.5
47.5,47.6
47.6,47.9
47.9,47.4
47.4,47.1
47.1,47.7
48.2,48.3
48.3,48.1
49.3,49.1
49.1,49.2
50.1,50.2
50.2,50.3
50.3,50.6
50.6,50.4
50.4,50.5
51.5,51.6
51.6,51.1
51.1,51.3
51.3,51.2
51.2,51.4
51.4,51.7
51.7,51.8
52.3,52.2
52.2,52.1
52.1,52.4
53.2,53.5
53.5,53.1
53.1,53.3
53.3,53.4
54.1,54.4
54.4,54.5
54.5,54.3
54.3,54.2
55.4,55.5
55.5,55.3
55.3,55.1
55.1,55.2
56.2,56.5
56.5,56.7
56.7,56.10
56.10,56.4
56.4,56.9
56.9,56.6
56.6,56.1
56.1,56.8
56.8,56.3
57.1,57.2
58.1,58.2
59.3,59.5
59.5,59.1
59.1,59.7
59.7,59.2
59.2,59.4
59.4,59.6
60.1,60.2
60.2,60.3
60.3,60.4
61.2,61.3
61.3,61.1
61.1,61.4
62.1,62.11
62.11,62.2
62.2,62.12
62.12,62.6
62.6,62.9
62.9,62.10
62.10,62.4
62.4,62.13
62.13,62.7
62.7,62.8
62.5,62.3
63.3,63.1
63.1,63.2
63.2,63.4
64.1,64.2
64.2,64.3
64.3,64.4
65.2,65.3
65.3,65.7
65.7,65.5
65.5,65.6
65.6,65.1
65.1,65.4
65.4,65.8
66.6,66.10
66.10,66.4
66.4,66.7
66.7,66.1
66.1,66.3
66.3,66.5
66.5,66.2
66.2,66.8
66.8,66.9
67.1,67.6
67.7,67.4
67.4,67.5
67.5,67.2
68.2,68.3
68.3,68.4
68.4,68.10
68.10,68.11
68.11,68.6
68.6,68.8
68.8,68.7
68.7,68.1
68.1,68.5
68.5,68.9
69.5,69.6
69.6,69.2
69.2,69.3
69.3,69.4
69.4,69.1
70.5,70.11
70.11,70.4
70.4,70.7
70.7,70.10
70.10,70.3
70.3,70.8
70.8,70.1
70.1,70.2
70.2,70.6
70.6,70.9
71.1,71.10
71.10,71.11
71.11,71.3
71.3,71.9
71.9,71.14
71.14,71.15
71.15,71.4
71.4,71.12
71.12,71.13
71.13,71.16
71.16,71.2
71.2,71.5
71.5,71.6
71.6,71.8
71.8,71.7
72.3,72.5
72.5,72.4
72.4,72.6
72.6,72.7
72.7,72.8
72.8,72.11
72.11,72.1
72.1,72.10
72.10,72.2
72.2,72.9
73.10,73.15
73.15,73.3
73.3,73.4
73.4,73.1
73.1,73.11
73.11,73.14
73.14,73.16
73.16,73.7
73.7,73.9
73.9,73.17
73.17,73.12
73.12,73.13
73.13,73.18
73.18,73.2
73.2,73.6
73.6,73.8
73.8,73.5
74.2,74.3
74.3,74.4
74.4,74.6
74.6,74.7
74.7,74.9
74.9,74.5
74.5,74.1
74.1,74.8
75.1,75.3
75.3,75.4
75.4,75.6
75.6,75.5
75.5,75.7
75.7,75.2
76.3,76.8
76.8,76.10
76.10,76.4
76.4,76.5
76.5,76.7
76.7,76.1
76.1,76.12
76.12,76.13
76.13,76.2
76.2,76.6
76.6,76.9
76.9,76.14
76.14,76.11
77.1,77.2
77.2,77.4
77.4,77.5
77.5,77.6
77.6,77.9
77.9,77.3
77.3,77.7
77.7,77.8
78.9,78.13
78.13,78.6
78.6,78.8
78.8,78.15
78.15,78.5
78.5,78.17
78.17,78.10
78.10,78.14
78.14,78.16
78.16,78.2
78.2,78.3
78.3,78.4
78.4,78.1
78.1,78.11
78.11,78.12
78.12,78.7
79.12,79.6
79.6,79.2
79.2,79.4
79.4,79.8
79.8,79.9
79.9,79.10
79.10,79.11
79.11,79.5
79.5,79.7
79.7,79.1
79.1,79.3
80.11,80.3
80.3,80.4
80.4,80.5
80.5,80.6
80.6,80.8
80.8,80.7
80.7,80.9
80.9,80.10
80.10,80.2
80.2,80.1
81.15,81.1
81.1,81.16
81.16,81.17
81.17,81.5
81.5,81.10
81.10,81.14
81.14,81.11
81.11,81.12
81.12,81.3
81.3,81.6
81.6,81.7
81.7,81.9
81.9,81.2
81.2,81.13
81.13,81.18
81.18,81.4
81.4,81.8
82.4,82.2
82.2,82.6
82.6,82.8
82.8,82.1
82.1,82.10
82.10,82.3
82.3,82.5
82.5,82.7
82.7,82.9
83.1,83.14
83.14,83.2
83.2,83.22
83.22,83.12
83.12,83.18
83.18,83.21
83.21,83.3
83.3,83.8
83.8,83.9
83.9,83.19
83.19,83.7
83.7,83.16
83.16,83.6
83.6,83.13
83.10,83.11
83.11,83.20
83.20,83.4
83.17,83.5
84.4,84.7
84.7,84.6
84.6,84.2
84.2,84.3
84.3,84.5
84.5,84.8
84.8,84.1
84.1,84.9
85.5,85.8
85.8,85.1
85.1,85.2
85.2,85.3
85.3,85.7
85.7,85.9
85.4,85.6
86.4,86.6
86.6,86.1
86.1,86.2
86.2,86.5
86.5,86.9
86.9,86.8
86.8,86.3
86.3,86.7
87.3,87.1
88.2,88.3
88.3,88.4
88.4,88.5
88.5,88.6
88.6,88.7
88.7,87.2
87.2,88.1
89.5,89.8
89.8,89.10
89.10,89.2
89.2,89.4
89.4,89.9
89.9,89.1
89.1,89.3
89.3,89.6
89.6,89.7
90.3,90.7
90.7,90.1
90.1,90.2
90.2,90.4
90.4,90.5
90.5,90.6
91.1,91.3
91.3,91.4
91.4,92.1
92.1,91.2
92.15,92.6
92.6,92.4
92.4,92.8
92.8,92.11
92.11,92.13
92.13,92.17
92.17,92.2
92.2,92.5
92.5,92.10
92.10,92.14
92.14,92.16
92.16,92.3
92.3,92.7
92.7,92.9
92.9,92.12
93.1,93.5
93.5,93.2
93.2,93.3
93.3,93.4
94.11,94.13
94.13,94.2
94.2,94.5
94.5,94.12
94.12,94.7
94.7,94.3
94.3,94.8
94.8,94.1
94.1,94.10
94.10,94.14
94.14,94.4
94.4,94.6
94.6,94.9
95.5,95.7
95.7,95.1
95.1,95.10
95.10,95.11
95.11,95.2
95.2,95.3
95.3,95.8
95.8,95.9
95.9,95.6
96.10,96.12
96.12,96.2
96.2,96.4
96.4,96.7
96.7,96.8
96.8,96.1
96.1,96.11
96.11,96.3
96.3,96.5
96.5,96.6
96.6,96.9
97.5,97.9
97.9,97.2
97.2,97.3
97.3,97.1
97.1,97.10
97.10,97.4
97.4,97.6
97.6,97.7
97.7,97.8
98.14,98.6
98.6,98.10
98.10,98.15
98.15,98.2
98.2,98.4
98.4,98.9
98.9,98.1
98.1,98.13
98.13,98.16
98.16,98.3
98.3,98.7
98.7,98.5
98.5,98.11
99.11,99.9
99.9,99.3
99.3,99.10
99.10,99.12
99.12,99.4
99.4,99.7
99.7,98.12
98.12,98.8
98.8,99.13
99.13,99.16
99.16,99.2
99.2,99.5
99.5,99.14
99.14,99.18
99.18,99.6
99.6,99.8
99.8,99.1
99.1,99.15
99.15,99.17
100.1,100.11
100.11,100.12
100.12,100.13
100.13,100.2
100.2,100.4
100.4,100.5
100.5,100.16
100.16,100.9
100.9,100.14
100.14,100.15
100.15,100.3
100.3,100.7
100.7,100.10
100.10,100.8
100.8,100.17
100.17,100.6
101.1,101.8
101.8,101.7
101.7,101.3
101.3,101.5
101.5,101.2
101.2,101.4
101.4,101.6
101.6,101.9
102.6,102.11
102.11,102.12
102.12,102.14
102.14,102.3
102.3,102.5
102.5,102.7
102.7,102.8
102.8,102.9
102.9,102.1
102.1,102.10
102.10,102.13
102.13,102.15
102.15,102.2
102.2,102.4
103.2,103.8
103.8,103.1
103.1,103.3
103.3,103.4
103.4,103.5
103.5,103.6
103.6,103.7
104.18,104.5
104.5,104.6
104.6,104.9
104.9,104.14
104.14,104.17
104.17,104.15
104.15,104.8
104.8,104.11
104.11,104.16
104.16,104.2
104.2,104.10
104.10,104.12
104.12,104.13
104.13,104.3
104.3,104.4
104.4,104.7
104.7,104.1
105.6,105.1
105.1,105.10
105.10,105.4
105.4,105.5
105.5,105.7
105.7,105.8
105.8,105.11
105.11,105.3
105.3,105.2
105.2,105.9
106.1,106.4
106.4,106.2
106.2,106.5
106.5,106.3
107.4,107.1
107.1,107.2
107.2,107.3
107.3,107.5
107.5,107.6
108.6,108.10
108.10,108.14
108.14,108.3
108.3,108.4
108.4,108.8
108.8,108.9
108.9,108.12
108.12,108.13
108.13,108.5
108.5,108.7
108.7,108.1
108.1,108.2
108.2,108.11
109.1,109.10
109.10,109.12
109.12,109.7
109.7,109.14
109.14,109.2
109.2,109.5
109.5,109.8
109.8,109.11
109.11,109.13
109.13,109.3
109.3,109.4
109.4,109.6
109.6,109.9
110.1,110.12
110.12,110.14
110.14,110.15
110.15,110.3
110.3,110.6
110.6,110.13
110.13,110.2
110.2,110.4
110.4,110.8
110.8,110.11
110.11,110.5
110.5,110.10
110.10,110.7
110.7,110.9
111.4,510.8
510.8,111.1
111.1,510.10
510.10,510.12
510.12,111.2
111.2,111.3
111.3,510.1
510.1,510.2
510.2,510.6
510.6,510.7
510.7,510.11
510.11,510.13
510.13,510.3
510.3,510.4
510.4,510.5
510.5,510.9
112.15,112.5
112.5,112.12
112.12,112.16
112.16,112.2
112.2,112.7
112.7,112.1
112.1,112.13
112.13,112.3
112.3,112.9
112.9,112.10
112.10,112.11
112.11,112.14
112.14,112.4
112.4,112.6
112.6,112.8
113.14,113.6
113.6,113.7
113.7,113.9
113.9,113.1
113.1,113.11
113.11,113.8
113.8,113.12
113.12,113.13
113.13,113.2
113.2,113.4
113.4,113.3
113.3,113.5
113.5,113.10
114.3,114.6
114.6,114.5
114.5,114.1
114.1,114.2
114.2,114.4
114.4,114.7
115.5,115.3
115.3,115.1
115.1,115.2
115.2,115.6
115.6,115.8
115.8,115.7
115.7,115.4
115.4,115.9
115.9,115.10
116.4,116.1
116.1,116.5
116.5,116.6
116.6,116.2
116.2,116.7
116.7,116.3
117.10,117.17
117.17,117.4
117.4,117.15
117.15,117.18
117.18,117.1
117.1,117.14
117.14,117.16
117.16,117.2
117.2,117.3
117.3,117.9
117.9,117.11
117.11,117.12
117.12,117.13
117.13,117.5
117.5,117.6
117.6,117.8
117.8,117.7
118.7,118.6
118.6,118.1
118.1,118.4
118.4,118.5
118.5,118.2
118.2,118.3
119.12,119.13
119.13,119.17
119.17,119.5
119.5,119.7
119.7,119.8
119.8,119.15
119.15,119.10
119.10,119.14
119.14,119.3
119.3,119.4
119.4,119.1
119.1,119.11
119.11,119.16
119.16,119.2
119.2,119.6
119.6,119.9
120.2,120.4
120.4,120.1
120.1,120.3
120.3,120.5
120.5,120.6
121.1,121.3
121.3,121.2
122.12,122.13
122.13,122.15
122.15,122.2
122.2,122.5
122.5,122.6
122.6,122.4
122.4,122.11
122.11,122.1
122.1,122.10
122.10,122.14
122.14,122.3
122.3,122.7
122.7,122.8
122.8,122.9
123.10,123.3
123.3,123.4
123.4,123.5
123.5,123.6
123.6,123.8
123.8,123.11
123.11,123.7
123.7,123.1
123.1,123.9
123.9,123.2
124.1,124.11
124.11,124.13
124.13,124.2
124.2,124.7
124.7,124.9
124.9,124.6
124.6,124.10
124.10,124.4
124.4,124.12
124.12,124.3
124.3,124.5
124.5,124.8
125.6,125.2
125.2,125.7
125.7,125.3
125.3,125.4
125.4,125.5
125.5,125.8
125.8,125.1
126.3,126.1
126.1,126.4
126.4,126.5
126.5,126.6
126.6,126.8
126.8,126.9
126.9,126.2
126.2,126.7
127.3,127.1
127.1,127.2
127.2,127.5
127.5,127.6
127.6,127.4
128.1,128.2
128.2,128.3
128.3,128.4
128.4,128.5
128.5,128.6
129.1,129.2
129.2,129.3
129.3,129.4
129.4,129.5
129.5,129.6
130.2,130.3
130.3,130.5
130.5,130.6
130.6,130.4
130.4,130.7
130.7,130.1
131.1,131.11
131.11,131.13
131.13,131.14
131.14,131.4
131.4,131.5
131.5,131.10
131.10,131.12
131.12,131.3
131.3,131.6
131.6,131.8
131.8,131.7
131.7,131.2
131.2,131.9
132.4,132.1
132.1,132.2
132.2,132.5
132.5,132.7
132.7,132.3
132.3,132.6
133.4,133.3
133.3,133.1
133.1,133.2
133.2,133.5
133.5,133.6
134.3,134.10
134.10,134.11
134.11,134.5
134.5,134.7
134.7,134.8
134.8,134.9
134.9,134.1
134.1,134.12
134.12,134.13
134.13,134.14
134.14,134.2
134.2,134.6
134.6,134.15
134.15,134.16
134.16,134.4
135.5,135.6
135.6,135.3
135.3,135.4
135.4,135.1
135.1,135.8
135.8,135.7
135.7,135.2
135.2,135.9
136.3,136.1
136.1,136.2
136.2,136.4
136.4,136.7
136.7,136.8
136.8,136.9
136.9,136.5
136.5,136.10
136.10,136.6
137.4,137.6
137.6,137.1
137.1,137.11
137.11,137.12
137.12,137.14
137.14,137.7
137.7,137.10
137.10,137.2
137.2,137.5
137.5,137.8
137.8,137.3
137.3,137.13
137.13,137.9
138.4,138.1
138.1,138.2
138.2,138.3
138.3,138.5
138.5,138.6
138.6,138.7
139.1,139.2
141.12,141.3
141.3,141.6
141.6,141.8
141.8,141.1
141.1,141.11
141.11,141.13
141.13,141.4
141.4,141.5
141.5,141.9
141.9,141.7
141.7,141.2
141.2,141.10
142.6,142.1
142.1,142.5
142.5,142.2
142.2,142.4
142.4,142.3
143.2,143.3
143.3,143.1
144.11,144.8
144.8,144.14
144.14,144.16
144.16,144.18
144.18,144.4
144.4,144.6
144.6,144.9
144.9,144.1
144.1,144.10
144.10,144.13
144.13,144.15
144.15,144.19
144.19,144.7
144.7,144.2
144.2,144.12
144.12,144.17
144.17,144.3
144.3,144.5
144.5,144.20
145.8,145.2
145.2,145.1
145.1,145.10
145.10,145.3
145.3,145.4
145.4,145.6
145.6,145.7
145.7,145.9
145.9,145.5
146.6,146.2
146.2,146.9
146.9,146.1
146.1,146.3
146.3,146.4
146.4,146.5
146.5,146.7
146.7,146.8
147.3,147.1
148.3,148.6
148.6,148.4
148.4,148.1
148.1,148.2
148.2,148.5
149.4,149.2
149.2,149.5
149.5,149.3
149.3,149.7
149.7,149.1
149.1,149.6
150.1,150.2
150.2,150.4
150.4,150.5
150.5,150.6
150.6,150.7
150.7,150.3
150.3,150.9
150.9,150.8
150.8,150.10
151.3,151.4
151.4,151.8
151.8,151.6
151.6,151.1
151.1,151.2
151.2,151.5
151.5,151.7
152.1,152.13
152.13,152.6
152.6,152.7
152.7,152.8
152.8,152.9
152.9,152.12
152.12,152.4
152.4,152.10
152.10,152.11
152.11,152.14
152.14,152.2
152.2,152.3
152.3,152.5
152.5,152.15
153.3,153.1
153.1,153.4
153.4,153.2
154.1,154.5
154.5,154.4
154.2,154.3
154.3,154.6
154.6,154.7
155.17,155.3
155.3,155.15
155.15,155.14
155.14,155.12
155.12,155.16
155.16,155.2
155.2,155.5
155.5,155.6
155.6,155.8
155.8,155.10
155.10,155.1
155.1,155.11
155.11,155.13
155.13,155.4
155.4,155.7
155.7,155.9
156.1,156.2
156.2,156.3
157.4,157.10
157.10,157.2
157.2,157.5
157.5,157.6
157.6,157.7
157.7,157.8
157.8,157.9
157.9,157.1
157.1,157.11
157.11,157.12
157.12,157.3
158.1,158.2
159.7,159.2
159.2,159.4
159.4,159.5
159.5,159.8
159.8,159.1
159.3,159.6
160.1,160.2
160.2,160.3
160.3,160.4
160.4,160.6
160.6,160.7
160.7,160.5
160.5,160.9
160.9,160.8
161.4,161.10
161.10,161.3
161.3,161.9
161.9,161.6
161.6,161.5
161.5,161.1
161.1,161.7
161.7,161.8
161.8,161.2
162.11,162.15
162.15,162.2
162.2,162.12
162.12,162.10
162.10,162.3
162.3,162.6
162.6,162.9
162.9,162.13
162.13,162.14
162.14,162.16
162.16,162.4
162.4,162.7
162.7,162.8
162.8,162.5
162.5,162.1
162.1,162.17
163.1,163.12
163.12,163.13
163.13,163.16
163.16,163.7
163.7,163.9
163.9,163.6
163.6,163.10
163.10,163.5
163.5,163.3
163.3,163.15
163.15,163.11
163.11,163.14
163.14,163.17
163.17,163.2
163.2,163.4
163.4,163.8
164.13,164.9
164.9,164.10
164.10,164.8
164.8,164.11
164.11,164.12
164.12,164.18
164.18,164.3
164.3,164.6
164.6,164.7
164.7,164.17
164.17,164.5
164.5,164.1
164.1,164.14
164.14,164.15
164.15,164.16
164.16,164.2
164.2,164.4
165.3,165.1
165.1,165.2
165.2,165.4
165.4,165.5
165.5,165.6
165.6,165.7
166.2,166.3
166.3,166.8
166.8,166.9
166.9,166.7
166.7,166.1
166.1,166.10
166.10,166.4
166.5,166.6
167.1,167.2
167.2,167.3
167.3,167.5
167.5,167.6
167.6,167.7
167.7,167.4
167.4,167.8
168.12,168.13
168.13,168.4
168.4,168.6
168.6,168.1
168.1,168.11
168.11,168.17
168.17,168.9
168.9,168.15
168.15,168.16
168.16,168.18
168.18,168.2
168.2,168.5
168.5,168.7
168.7,168.10
168.10,168.14
168.14,168.19
168.19,168.20
168.20,168.3
168.3,168.8
169.8,169.5
169.5,169.10
169.10,169.2
169.2,169.3
169.3,169.7
169.7,169.1
169.1,169.11
169.11,169.12
169.12,169.4
169.4,169.6
169.6,169.9
169.9,169.13
170.10,170.7
170.7,170.6
170.6,170.1
170.1,170.2
170.2,170.3
170.3,170.4
170.4,170.8
170.8,170.9
170.9,170.5
170.5,170.11
171.3,171.1
171.1,171.2
171.2,171.5
171.5,171.4
172.11,172.16
172.16,172.6
172.6,172.7
172.7,172.13
172.13,172.9
172.9,172.1
172.1,172.12
172.12,172.15
172.15,172.4
172.4,172.14
172.14,172.2
172.2,172.3
172.3,172.8
172.10,172.5
173.5,173.1
173.1,173.3
173.3,173.4
173.4,173.2
174.9,174.1
174.1,174.12
174.12,174.7
174.7,174.10
174.10,174.13
174.13,174.14
174.14,174.2
174.2,174.3
174.3,174.4
174.4,174.15
174.15,174.11
174.11,174.5
174.5,174.6
174.6,174.8
175.1,175.2
176.12,176.3
176.3,176.5
176.5,176.7
176.7,176.10
176.10,176.13
176.13,176.2
176.2,176.4
176.4,176.6
176.6,176.9
176.9,176.1
176.1,176.8
176.8,176.11
177.6,177.1
177.1,177.2
177.2,177.3
177.3,177.4
177.4,177.5
177.5,177.7
177.7,177.8
178.8,178.12
178.12,178.2
178.2,178.1
178.1,178.10
178.10,178.13
178.13,178.3
178.3,178.4
178.4,178.9
178.9,178.6
178.6,178.7
178.7,178.5
178.5,178.11
179.4,179.11
179.11,179.5
179.5,179.6
179.6,179.9
179.9,179.1
179.1,179.10
179.10,179.2
179.2,179.3
179.3,179.7
179.7,179.8
180.1,180.10
180.10,180.12
180.12,180.13
180.13,180.2
180.2,180.3
180.3,180.11
180.11,180.4
180.4,180.5
180.5,180.7
180.7,180.8
180.8,180.9
180.9,180.6
180.6,180.14
182.1,182.2
182.2,182.3
182.3,182.4
182.4,182.5
182.5,182.6
183.2,183.3
183.3,183.1
183.1,183.4
184.5,184.12
184.12,184.7
184.7,184.1
184.1,184.11
184.11,184.2
184.2,184.4
184.4,184.10
184.10,184.8
184.8,184.6
184.6,184.13
184.13,184.9
184.9,184.3
185.11,185.2
185.2,185.3
185.3,185.7
185.7,185.1
185.1,185.9
185.9,185.5
185.5,185.8
185.8,185.6
185.6,185.10
185.10,185.4
186.10,186.5
186.5,186.1
186.1,186.4
186.4,186.7
186.7,186.9
186.9,186.2
186.2,186.3
186.3,186.6
186.6,186.8
187.3,187.1
187.1,187.2
187.2,187.4
187.4,187.5
188.1,188.2
188.2,188.3
189.1,189.3
189.3,189.4
189.4,189.6
189.6,189.2
189.2,189.5
190.1,190.3
190.3,190.4
190.4,190.5
190.5,190.6
190.6,190.7
190.7,190.2
191.10,191.4
191.4,191.6
191.6,191.7
191.7,191.5
191.5,191.1
191.1,191.8
191.8,191.2
191.2,191.3
191.3,191.9
192.1,192.11
192.11,192.12
192.12,192.2
192.2,192.8
192.8,192.5
192.5,192.9
192.9,192.13
192.13,192.3
192.3,192.4
192.4,192.7
192.7,192.6
192.6,192.10
193.1,193.10
193.10,193.3
193.3,193.6
193.6,193.7
193.7,193.8
193.8,193.11
193.11,193.12
193.12,193.13
193.13,193.2
193.2,193.4
193.4,193.5
193.5,193.9
194.12,194.7
194.7,194.4
194.4,194.5
194.5,194.6
194.6,194.8
194.8,194.1
194.1,194.10
194.10,194.11
194.11,194.2
194.2,194.3
194.3,194.9
195.3,195.13
195.13,195.14
195.14,195.2
195.2,195.5
195.5,195.11
195.11,195.16
195.16,195.19
195.19,195.4
195.4,195.7
195.7,195.9
195.9,195.10
195.10,195.17
195.17,195.18
195.18,195.6
195.6,195.12
195.12,195.15
195.15,195.1
195.1,195.8
196.1,196.2
196.2,196.3
196.3,196.6
196.6,196.7
196.7,196.4
196.4,196.5
197.5,197.2
197.2,197.8
197.8,197.1
197.1,197.10
197.10,197.3
197.3,197.4
197.4,197.6
197.6,197.7
197.7,197.9
198.4,198.1
198.1,198.2
198.2,198.3
198.3,198.5
198.5,198.6
198.6,198.7
199.19,199.10
199.10,199.13
199.13,199.16
199.16,199.2
199.2,199.7
199.7,199.8
199.8,199.14
199.14,199.15
199.15,199.3
199.3,199.9
199.9,199.1
199.1,199.11
199.11,199.17
199.17,199.18
199.18,199.4
199.4,199.6
199.6,199.12
199.12,199.5
200.3,200.1
200.1,200.4
200.4,200.5
200.5,200.2
201.1,201.10
201.10,201.11
201.11,201.6
201.6,201.8
201.8,201.9
201.9,201.7
201.7,201.12
201.12,201.13
201.13,201.14
201.14,201.2
201.2,201.3
201.3,201.5
201.5,201.15
201.15,201.4
202.2,202.14
202.14,202.16
202.16,202.27
202.27,202.32
202.32,202.33
202.33,202.8
202.8,202.22
202.22,202.10
202.10,202.13
202.13,202.20
202.20,202.26
202.26,202.35
202.35,202.5
202.5,202.28
202.28,202.12
202.12,202.21
202.21,202.23
202.23,202.24
202.24,202.4
202.4,202.6
202.6,202.11
202.11,202.15
202.15,202.19
202.19,202.29
202.29,202.3
202.3,202.30
202.30,202.1
202.1,202.17
202.17,202.18
202.18,202.31
202.31,202.34
202.34,202.9
202.9,202.25
202.25,202.7
203.1,203.4
203.4,203.2
203.2,203.3
203.3,203.5
203.5,203.6
204.4,204.1
204.1,204.3
204.3,204.2
205.1,205.2
206.10,206.1
206.1,206.5
206.5,206.9
206.9,206.2
206.2,206.4
206.4,206.6
206.6,206.7
207.5,207.8
207.8,206.3
206.3,206.8
206.8,207.10
207.10,207.11
207.11,207.13
207.13,207.2
207.2,207.6
207.6,207.7
207.7,207.1
207.1,207.12
207.12,207.14
207.14,207.3
207.3,207.4
207.4,207.9
208.4,208.1
208.1,208.2
208.2,208.3
208.3,208.5
208.5,208.6
208.6,208.7
209.1,209.2
209.2,209.3
209.3,209.4
209.4,209.5
210.6,210.1
210.1,210.2
210.2,210.3
210.3,210.4
210.4,210.5
210.5,210.7
210.7,210.8
211.3,211.1
211.1,211.2
212.10,212.12
212.12,212.6
212.6,212.7
212.7,212.13
212.13,212.14
212.14,212.15
212.15,212.3
212.3,212.5
212.5,212.8
212.8,212.11
212.11,212.1
212.1,212.16
212.16,212.17
212.17,212.2
212.2,212.4
212.4,212.9
213.10,213.17
213.17,213.3
213.3,213.7
213.7,213.1
213.1,213.8
213.8,213.4
213.4,213.13
213.13,213.9
213.9,213.11
213.11,213.12
213.12,213.15
213.15,213.2
213.2,213.5
213.5,213.6
213.6,213.14
213.14,213.16
214.1,214.10
214.10,214.13
214.13,214.2
214.2,214.6
214.6,214.9
214.9,214.7
214.7,214.12
214.12,214.14
214.14,214.4
214.4,214.5
214.5,214.11
214.11,214.3
214.3,214.8
215.2,215.1
215.1,215.6
215.6,215.4
215.4,215.8
215.3,215.5
215.5,215.7
215.7,215.9
216.4,216.1
216.1,216.3
216.3,216.2
216.2,216.5
217.1,217.4
217.4,217.5
217.5,217.6
217.6,217.3
217.3,217.2
218.1,218.2
218.2,218.5
218.5,218.6
218.6,218.7
218.3,218.4
219.7,219.3
219.3,219.1
219.1,219.6
219.6,219.5
219.5,219.4
219.4,219.2
220.8,220.10
220.10,220.3
220.3,220.9
220.9,220.1
220.1,220.4
220.4,220.6
220.6,220.2
220.2,220.7
220.7,220.5
221.2,221.3
221.3,221.8
221.8,221.1
221.1,221.4
221.4,221.5
221.5,221.6
221.6,221.7
221.7,221.9
222.1,222.9
222.9,222.2
222.2,222.3
222.3,222.4
222.4,222.5
222.5,222.6
222.6,222.7
222.7,222.8
223.1,223.12
223.12,223.2
223.2,223.5
223.5,223.7
223.7,223.8
223.8,223.10
223.10,223.3
223.3,223.4
223.4,223.9
223.9,223.11
223.11,223.6
224.2,224.5
224.5,224.1
224.1,224.3
224.3,224.4
224.4,224.6
224.6,224.7
224.7,224.8
225.3,225.5
225.5,225.4
225.4,225.1
225.1,225.2
226.8,226.7
226.7,226.1
226.1,226.2
226.2,226.3
226.3,226.4
226.4,226.5
226.5,226.6
227.5,227.12
227.12,227.1
227.1,227.10
227.10,227.3
227.3,227.8
227.8,227.9
227.9,227.7
227.7,227.11
227.11,227.2
227.2,227.4
227.4,227.6
228.7,228.1
228.1,228.6
228.6,228.5
228.5,228.2
228.2,228.3
228.3,228.4
228.4,228.8
228.8,228.9
229.5,229.9
229.9,229.4
229.4,229.1
229.1,229.2
229.2,229.3
229.3,229.6
229.6,229.7
229.7,229.8
230.3,230.4
230.4,230.6
230.6,230.8
230.8,230.9
230.9,230.1
230.1,230.2
230.2,230.5
230.5,230.7
231.3,231.1
231.1,231.2
232.1,232.12
232.12,232.5
232.5,232.6
232.6,232.7
232.7,232.8
232.8,232.13
232.13,232.10
232.10,232.11
232.11,232.2
232.2,232.3
232.3,232.4
232.4,232.9
233.12,233.3
233.3,233.5
233.5,233.8
233.8,233.1
233.1,233.11
233.11,233.13
233.13,233.4
233.4,233.14
233.14,233.9
233.9,233.2
233.2,233.7
233.7,233.10
233.10,233.6
234.2,234.3
234.3,234.1
234.1,234.4
235.7,235.8
235.8,235.4
235.4,235.9
235.9,235.10
235.10,235.11
235.11,235.3
235.3,235.5
235.5,235.1
235.1,235.6
235.6,235.2
236.2,236.4
236.4,236.1
236.1,236.3
237.3,237.4
237.4,237.1
237.1,237.2
237.2,237.6
237.6,237.9
237.9,237.10
237.10,237.5
237.5,237.7
237.7,237.8
238.1,238.14
238.14,238.10
238.10,238.12
238.12,238.3
238.3,238.6
238.6,238.7
238.7,238.9
238.9,238.11
238.11,238.13
238.13,238.16
238.16,238.2
238.2,238.4
238.4,238.5
238.5,238.8
238.8,238.15
239.1,239.6
239.6,239.2
239.2,239.4
239.4,239.7
239.7,239.9
239.9,239.10
239.10,239.8
239.3,239.5
240.5,240.10
240.10,240.4
240.4,240.1
240.1,240.2
240.2,240.3
240.3,240.6
240.6,240.8
240.8,240.9
240.9,240.7
241.2,241.3
241.3,241.5
241.5,241.1
241.1,241.4
242.1,242.2
242.2,242.3
242.3,242.4
243.1,243.3
243.3,243.4
243.4,243.5
243.5,243.7
243.7,243.6
243.6,243.8
243.8,243.9
243.9,243.2
243.2,243.10
244.7,244.1
244.1,244.2
244.2,244.3
244.3,244.4
244.4,244.5
244.5,244.6
245.2,245.8
245.8,245.1
245.1,245.3
245.3,245.4
245.4,245.5
245.5,245.6
245.6,245.7
246.3,246.1
246.1,246.2
247.10,247.13
247.13,247.14
247.14,247.4
247.4,247.6
247.6,247.1
247.1,247.12
247.12,247.16
247.16,247.19
247.19,247.2
247.2,247.7
247.7,247.18
247.18,247.15
247.15,247.17
247.17,247.3
247.3,247.5
247.5,247.9
247.9,247.11
247.11,247.8
248.15,248.19
248.19,248.2
248.2,248.3
248.3,248.14
248.14,248.7
248.7,248.18
248.18,248.1
248.1,248.11
248.11,248.13
248.13,248.16
248.16,248.5
248.5,248.8
248.8,248.10
248.10,248.12
248.12,248.17
248.17,248.4
248.4,248.6
248.6,248.9
249.4,249.6
249.6,249.1
249.1,249.5
249.5,249.2
249.2,249.3
250.2,250.3
250.3,250.4
250.4,250.6
250.6,250.7
250.7,250.8
250.8,250.1
250.1,250.5
251.5,251.1
251.1,251.2
251.2,251.3
251.3,251.6
251.6,251.7
251.7,251.8
251.8,251.4
252.1,252.5
252.5,252.6
252.6,252.7
252.7,252.8
252.8,252.3
252.3,252.4
252.4,252.2
253.3,253.2
254.3,254.4
254.4,254.6
254.6,254.7
254.7,254.1
254.1,254.5
254.5,254.2
255.4,255.1
255.1,255.5
255.5,255.7
255.7,255.6
255.6,255.3
255.3,255.2
256.2,256.1
256.1,256.4
256.4,256.3
257.1,257.5
257.5,257.8
257.8,257.2
257.2,257.3
257.3,257.4
257.4,257.6
257.6,257.7
257.7,257.9
258.1,258.10
258.10,258.11
258.11,258.12
258.12,258.15
258.15,258.3
258.3,258.4
258.4,258.13
258.13,258.8
258.8,258.14
258.14,258.2
258.2,258.5
258.5,258.6
258.6,258.7
258.7,258.9
259.2,259.3
259.3,259.4
259.4,259.5
259.5,259.7
259.7,259.8
259.8,259.9
259.9,259.1
259.1,259.6
260.11,260.2
260.2,260.6
260.6,260.8
260.8,260.1
260.1,260.5
260.5,260.7
260.7,260.9
260.9,260.4
260.4,260.12
260.10,260.3
261.1,261.8
261.8,261.4
261.4,261.11
261.11,261.7
261.7,261.10
261.10,261.2
261.2,261.3
261.3,261.5
261.5,261.6
261.6,261.9
262.5,262.6
262.6,262.8
262.8,262.9
262.9,262.1
262.1,262.4
262.4,262.10
262.10,262.11
262.11,262.2
262.2,262.3
262.3,262.7
263.1,263.7
263.7,263.2
263.2,263.3
263.3,263.4
263.4,263.5
263.5,263.6
263.6,263.8
264.4,264.1
264.1,264.2
264.2,264.3
264.3,264.6
264.6,264.7
264.7,264.8
264.8,264.5
265.3,265.4
265.4,265.5
265.5,265.6
265.6,265.7
265.7,265.8
265.8,265.2
265.2,265.1
266.2,266.6
266.6,266.1
266.1,266.3
266.3,266.4
266.4,266.5
266.5,266.7
266.7,266.8
267.1,267.3
267.3,267.2
267.2,267.4
268.10,268.14
268.14,268.15
268.15,268.20
268.20,268.4
268.4,268.7
268.7,268.16
268.16,268.5
268.5,268.9
268.9,268.17
268.17,268.18
268.18,268.3
268.3,268.11
268.11,268.12
268.12,268.13
268.13,268.19
268.19,268.2
268.2,268.6
268.6,268.1
268.1,268.8
268.8,268.21
269.6,269.10
269.10,269.3
269.3,269.5
269.5,269.9
269.9,269.1
269.1,269.2
269.2,269.7
269.7,269.8
269.8,269.4
270.16,270.19
270.19,270.2
270.2,270.4
270.4,270.15
270.15,270.17
270.17,270.18
270.18,270.5
270.5,270.6
270.6,270.7
270.7,270.9
270.9,270.12
270.12,270.3
270.3,270.1
270.1,270.10
270.10,270.11
270.11,270.13
270.13,270.8
270.8,270.14
271.1,271.11
271.11,271.15
271.15,271.8
271.14,271.6
271.6,271.12
271.12,271.13
271.13,271.17
271.17,271.4
271.4,271.5
271.5,271.9
271.9,271.10
271.10,271.18
271.18,271.2
271.2,271.3
272.3,272.4
272.4,272.5
272.5,272.2
272.2,272.6
272.6,271.16
271.16,271.7
271.7,272.1
273.5,273.2
273.2,273.1
273.1,273.3
273.3,273.6
273.6,273.7
273.7,273.4
274.6,274.10
274.10,274.12
274.12,274.17
274.17,274.5
274.5,274.18
274.18,274.8
274.8,274.2
274.2,274.4
274.4,274.16
274.16,274.3
274.3,274.1
274.1,274.11
274.11,274.13
274.13,274.15
274.15,274.7
274.7,274.9
274.9,274.14
275.5,275.6
275.6,275.10
275.10,275.4
275.4,275.7
275.7,275.1
275.1,275.2
275.2,275.3
275.3,275.8
275.8,275.9
276.8,276.5
276.5,276.1
276.1,276.2
276.2,276.3
276.3,276.4
276.4,276.6
276.6,276.7
277.8,277.1
277.1,277.2
277.2,277.3
277.3,277.5
277.5,277.6
277.6,277.7
277.7,277.4
278.2,278.4
278.4,278.5
278.5,278.7
278.7,278.3
278.3,278.6
278.6,278.1
280.8,280.12
280.12,280.13
280.13,280.9
280.9,280.14
280.14,280.16
280.16,280.4
280.4,280.7
280.7,280.1
280.1,280.11
280.11,280.17
280.17,280.18
280.18,280.3
280.3,280.6
280.6,280.10
280.10,280.2
281.9,281.3
281.3,281.5
281.5,281.1
281.1,281.10
281.10,281.2
281.2,281.4
281.4,281.6
281.6,281.8
281.8,280.15
280.15,281.7
282.17,282.8
282.8,282.10
282.10,282.11
282.11,282.1
282.1,282.14
282.14,282.15
282.15,282.18
282.18,282.3
282.3,282.6
282.6,282.12
282.12,282.13
282.13,282.16
282.16,282.19
282.19,282.2
282.2,282.7
282.7,282.9
282.9,282.4
282.4,282.5
283.1,283.10
283.10,283.11
283.11,283.3
283.3,283.4
283.4,283.5
283.5,283.8
283.8,283.6
283.6,283.9
283.9,283.2
283.2,283.7
284.2,284.1
284.1,284.3
285.1,285.2
286.1,286.3
286.3,286.4
286.4,286.6
286.6,286.7
286.7,286.8
286.8,286.2
286.2,286.5
287.6,287.8
287.8,287.1
287.1,287.2
287.2,287.3
287.3,287.4
287.4,287.5
287.5,287.7
288.1,288.2
288.2,288.3
288.3,288.5
288.5,288.6
288.6,288.7
288.7,288.4
290.1,290.3
290.3,290.2
291.4,291.1
291.1,291.2
291.2,291.3
291.3,291.5
291.5,291.6
291.6,291.8
291.8,291.7
292.2,292.3
292.3,292.1
292.1,292.4
293.7,293.1
293.1,293.11
293.11,293.12
293.12,293.21
293.21,293.4
293.4,293.8
293.8,293.16
293.16,293.5
293.5,293.13
293.13,293.17
293.17,293.3
293.3,293.6
293.6,293.14
293.14,293.19
293.19,293.10
293.10,293.15
293.15,293.18
293.18,293.2
293.2,293.20
293.20,293.9
294.1,294.2
294.2,294.3
294.3,294.4
294.4,294.5
294.5,294.8
294.8,294.7
294.7,294.6
295.4,295.1
295.1,295.2
295.2,295.3
295.3,295.5
295.5,295.6
295.6,295.7
296.1,296.10
296.10,296.2
296.2,296.4
296.4,296.8
296.8,296.9
296.9,296.5
296.5,296.7
296.7,296.3
296.3,296.6
297.1,297.3
297.3,297.4
297.4,297.5
297.5,297.2
298.1,298.2
298.2,298.7
298.7,298.9
298.9,298.10
298.10,298.3
298.3,298.4
298.4,298.5
298.5,298.6
298.6,298.8
299.1,299.2
299.2,299.3
299.3,299.4
299.4,299.5
299.5,299.7
299.7,299.6
299.6,299.8
300.2,300.1
301.10,301.1
301.1,301.11
301.11,301.12
301.12,301.13
301.13,301.3
301.3,301.4
301.4,301.7
301.7,301.14
301.14,301.15
301.15,301.2
301.2,301.5
301.5,301.6
301.6,301.9
301.9,301.8
302.1,302.15
302.15,302.16
302.16,302.18
302.18,302.4
302.4,302.8
302.8,302.10
302.10,302.12
302.12,302.2
302.2,302.11
302.11,302.14
302.14,302.20
302.20,302.21
302.21,302.5
302.5,302.7
302.7,302.13
302.13,302.3
302.3,302.19
302.19,302.9
302.17,302.6
303.12,303.1
303.1,303.8
303.8,303.9
303.9,303.6
303.6,303.10
303.10,303.11
303.11,303.2
303.2,303.3
303.3,303.5
303.5,303.7
303.7,303.4
304.1,304.2
304.2,304.5
304.5,304.3
304.3,304.4
305.1,305.3
305.3,305.2
306.4,306.1
306.1,306.2
307.12,307.4
307.4,307.5
307.5,307.7
307.7,307.8
307.8,307.9
307.9,307.10
307.10,307.11
307.11,307.2
307.2,307.3
307.3,307.6
307.6,307.1
308.5,308.11
308.11,308.8
308.8,308.13
308.13,308.2
308.2,308.6
308.6,308.7
308.7,308.1
308.1,308.10
308.10,308.3
308.3,308.9
308.12,308.4
309.7,309.4
309.4,309.9
309.9,309.11
309.11,309.5
309.5,309.6
309.6,309.8
309.8,309.10
309.10,309.1
309.1,309.12
309.12,309.13
309.13,309.14
309.14,309.2
309.2,309.3
310.3,310.1
310.1,310.2
310.2,310.4
310.4,310.5
311.3,311.4
311.4,311.1
311.1,311.5
311.5,311.2
312.2,312.1
312.1,312.5
312.5,312.4
312.4,312.3
313.4,313.5
313.5,313.7
313.7,313.2
313.2,313.1
313.1,313.3
313.3,313.6
314.1,314.2
315.2,315.3
315.3,315.5
315.5,315.6
315.6,315.1
315.1,315.4
316.2,316.3
316.3,316.1
317.1,317.3
317.3,317.2
317.2,317.4
318.1,318.3
318.3,318.2
318.2,318.4
318.4,318.5
318.5,318.6
468.1,319.4
319.4,319.5
319.5,319.8
319.8,319.9
319.9,319.1
319.1,319.10
319.10,319.2
319.2,319.3
319.3,319.6
319.6,319.7
319.7,468.2
468.2,468.3
320.1,320.2
321.2,321.7
321.7,321.1
321.1,321.4
321.4,321.6
321.6,321.5
321.5,321.3
322.14,322.16
322.16,322.2
322.2,322.22
322.22,322.3
322.3,322.7
322.7,322.1
322.1,322.12
322.12,322.20
322.20,322.9
322.9,322.11
322.11,322.15
322.15,322.10
322.10,322.13
322.13,322.18
322.18,322.21
322.21,322.5
322.5,322.8
322.8,322.17
322.17,322.19
322.19,322.4
322.4,322.6
323.12,323.9
323.9,323.2
323.2,323.10
323.10,323.1
323.1,323.13
323.13,323.16
323.16,323.17
323.17,323.5
323.5,323.7
323.7,323.8
323.8,323.11
323.11,323.14
323.14,323.15
323.15,323.3
323.3,323.4
323.4,323.6
324.4,324.2
324.2,324.1
324.1,324.3
325.1,325.11
325.11,325.13
325.13,325.16
325.16,325.5
325.5,325.9
325.9,325.6
325.6,325.20
325.20,325.4
325.4,325.19
325.19,325.2
325.2,325.12
325.12,325.18
325.18,325.7
325.7,325.10
325.10,325.15
325.15,325.3
325.3,325.8
325.8,325.14
325.14,325.17
325.17,325.21
326.7,326.8
326.8,326.1
326.1,326.2
326.2,326.3
326.3,326.4
326.4,326.5
326.5,326.6
327.2,327.3
327.3,327.1
328.8,328.3
328.3,328.7
328.7,328.5
328.5,328.2
328.2,328.6
328.6,328.1
328.1,328.10
328.10,328.4
328.4,328.9
328.9,328.11
329.12,329.1
329.1,329.13
329.13,329.4
329.4,329.8
329.8,329.3
329.3,329.7
329.7,329.10
329.10,329.11
329.11,329.2
329.2,329.5
329.5,329.6
329.6,329.9
330.1,330.2
331.2,331.3
331.3,331.4
331.4,331.5
332.1,332.2
332.2,332.3
332.3,332.4
332.4,332.5
332.5,332.6
332.6,332.7
333.2,333.5
333.5,333.4
333.4,333.6
333.6,333.3
333.3,333.1
334.1,334.3
334.3,334.4
334.4,334.2
335.23,335.20
335.20,335.22
335.22,335.25
335.25,335.3
335.3,335.5
335.5,335.7
335.7,335.12
335.12,335.15
335.15,335.17
335.17,335.8
335.8,335.1
335.1,335.10
335.10,335.14
335.14,335.19
335.19,335.2
335.2,335.24
335.24,335.4
335.4,335.11
335.11,335.16
335.16,335.18
335.18,335.21
335.21,335.6
335.6,335.9
335.9,335.13
336.4,336.8
336.8,336.1
336.1,336.2
336.2,336.3
336.3,336.5
336.5,336.6
336.6,336.7
337.2,337.4
337.4,337.1
337.1,337.3
337.3,337.5
337.5,337.6
338.6,338.2
338.2,338.1
338.1,338.4
338.4,338.5
338.5,338.3
339.6,339.1
339.1,339.3
339.3,339.4
339.4,339.7
339.7,339.5
339.5,339.8
339.8,339.2
339.2,339.9
340.1,340.2
341.2,341.3
341.3,341.1
341.1,341.4
342.1,342.11
342.11,342.12
342.12,342.2
342.2,342.3
342.3,342.6
342.6,342.4
342.4,342.7
342.7,342.8
342.8,342.5
342.5,342.10
342.10,342.9
343.1,343.16
343.16,343.25
343.25,343.27
343.27,343.4
343.4,343.8
343.8,343.22
343.22,343.20
343.20,343.11
343.11,343.14
343.14,343.19
343.19,343.24
343.24,343.3
343.3,343.9
343.9,343.12
343.12,343.10
343.10,343.13
343.13,343.17
343.17,343.23
343.23,343.26
343.26,343.5
343.5,343.18
343.18,343.2
343.2,343.28
343.28,343.6
343.6,343.15
343.15,343.21
343.21,343.7
344.10,344.2
344.2,344.3
344.3,344.4
344.4,344.7
344.7,344.8
344.8,344.1
344.1,344.6
344.6,344.5
344.5,344.9
345.12,345.21
345.21,345.8
345.8,345.9
345.9,345.18
345.18,345.19
345.19,345.20
345.20,345.3
345.3,345.5
345.5,345.6
345.6,345.11
345.11,345.13
345.13,345.4
345.4,345.7
345.7,345.1
345.1,345.10
345.10,345.14
345.14,345.15
345.15,345.17
345.17,345.2
345.2,345.16
346.1,346.10
346.10,346.11
346.11,346.13
346.13,346.3
346.3,346.7
346.7,346.12
346.12,346.2
346.2,346.9
346.9,346.14
346.14,346.6
346.6,346.8
346.8,346.5
346.5,346.16
346.16,346.4
346.4,346.15
347.3,347.8
347.8,347.1
347.1,347.11
347.11,347.12
347.12,347.2
347.2,347.5
347.5,347.7
347.7,347.10
347.10,347.4
347.4,347.6
347.6,347.9
348.1,348.8
348.10,348.2
348.2,348.3
348.3,348.5
348.5,348.7
348.7,348.9
348.4,348.6
348.6,348.11
349.7,349.9
349.9,349.1
349.1,349.3
349.3,349.10
349.10,349.11
349.11,349.4
349.4,349.6
349.6,349.2
349.2,349.8
349.8,349.5
350.7,350.1
350.1,350.2
350.2,350.3
350.3,350.4
350.4,350.5
350.5,350.6
350.6,350.8
351.5,351.6
351.6,351.1
351.1,351.11
351.11,351.2
351.2,351.3
351.3,351.4
351.4,351.7
351.7,351.8
351.8,351.10
351.10,351.9
352.2,352.3
352.3,352.5
352.5,352.6
352.6,352.4
352.4,352.7
352.7,352.1
353.2,353.4
353.4,353.3
353.3,353.1
354.2,354.5
354.5,354.11
354.11,354.13
354.13,354.6
354.6,354.9
354.9,354.10
354.10,354.8
354.8,354.3
354.3,354.1
354.1,354.12
354.12,354.4
354.4,354.7
355.3,355.8
355.8,355.1
355.1,355.5
355.5,355.2
355.2,355.6
355.6,355.9
355.9,355.4
355.4,355.7
356.2,356.8
356.8,356.1
356.1,356.10
356.10,356.4
356.4,356.5
356.5,356.7
356.7,356.9
356.9,356.11
356.11,356.12
356.12,356.3
356.3,356.6
357.1,357.5
357.5,357.3
357.3,357.2
357.2,357.4
358.2,358.4
358.4,358.1
358.1,358.3
359.2,359.5
359.5,359.4
359.4,359.1
359.1,359.3
360.3,360.1
360.1,360.2
361.3,361.2
361.2,361.7
361.7,361.1
361.1,361.4
361.4,361.5
361.5,361.6
361.6,361.8
361.8,361.9
362.2,362.1
363.4,363.1
363.1,363.10
363.10,363.2
363.2,363.5
363.5,363.6
363.6,363.8
363.8,363.3
363.3,363.7
363.7,363.9
364.3,364.4
364.4,364.8
364.8,364.9
364.9,364.1
364.1,364.10
364.10,364.11
364.11,364.2
364.2,364.6
364.6,364.7
364.7,364.5
365.4,365.5
365.5,365.1
365.1,365.10
365.10,365.6
365.6,365.8
365.8,365.3
365.3,365.2
365.2,365.9
365.9,365.7
366.1,366.10
366.10,366.13
366.13,366.14
366.14,366.5
366.5,366.7
366.7,366.11
366.11,366.6
366.6,366.2
366.2,366.4
366.4,366.8
366.8,366.9
366.9,366.15
366.15,366.3
366.3,366.12
367.1,367.14
367.14,367.11
367.11,367.9
367.9,367.12
367.12,367.19
367.19,367.22
367.22,367.4
367.4,367.16
367.16,367.6
367.6,367.10
367.10,367.17
367.17,367.24
367.24,367.8
367.8,367.25
367.25,367.23
367.23,367.3
367.18,367.2
367.15,367.5
367.21,367.7
367.13,367.20
368.9,368.4
368.4,368.1
368.1,368.10
368.10,368.3
368.3,368.5
368.5,368.6
368.6,368.8
368.8,368.2
368.2,368.7
369.10,369.7
369.7,369.1
369.1,369.2
369.2,369.5
369.5,369.8
369.8,369.9
369.9,369.4
369.3,369.6
370.1,370.3
370.3,370.2
370.2,370.4
371.3,371.1
371.1,371.9
371.9,371.10
371.10,371.2
371.2,371.4
371.4,371.5
371.5,371.6
371.6,371.8
371.8,371.7
372.7,372.2
372.2,372.1
372.1,372.4
372.4,372.5
372.5,372.6
372.6,372.8
372.3,372.9
373.15,373.1
373.1,373.10
373.10,373.17
373.17,373.8
373.8,373.4
373.4,373.12
373.12,373.13
373.13,373.3
373.3,373.5
373.5,373.16
373.16,373.7
373.7,373.14
373.14,373.6
373.6,373.11
373.11,373.9
373.9,373.2
374.7,374.1
374.1,374.11
374.11,374.14
374.14,374.3
374.3,374.4
374.4,374.9
374.9,374.12
374.12,374.15
374.15,374.2
374.2,374.5
374.5,374.13
374.13,374.8
374.8,374.10
374.10,374.6
375.17,375.19
375.19,375.21
375.21,375.4
375.4,375.8
375.8,375.9
375.9,375.16
375.16,375.11
375.11,375.7
375.7,375.13
375.13,375.2
375.2,375.20
375.20,375.22
375.22,375.23
375.23,375.6
375.6,375.10
375.10,375.14
375.14,375.15
375.15,375.18
375.18,375.3
375.3,375.5
375.5,375.1
375.1,375.12
376.9,376.2
376.2,376.1
376.1,376.3
376.3,376.4
376.4,376.5
376.5,376.6
376.6,376.7
376.7,376.8
377.6,377.2
377.2,377.3
377.3,377.4
377.4,377.1
377.1,377.5
378.6,378.2
378.2,378.3
378.3,378.1
378.1,378.10
378.10,378.4
378.4,378.5
378.5,378.8
378.8,378.9
378.9,378.7
379.5,379.11
379.11,379.12
379.12,379.6
379.6,379.7
379.7,379.10
379.10,379.13
379.13,379.2
379.2,379.3
379.3,379.4
379.4,379.9
379.9,379.8
379.8,379.1
379.1,379.14
380.5,380.1
380.1,380.2
380.2,380.7
380.7,380.8
380.8,380.4
380.4,380.3
380.3,380.6
381.1,381.4
381.4,381.2
381.2,381.3
382.10,382.12
382.12,382.2
382.2,382.4
382.4,382.5
382.5,382.9
382.9,382.1
382.1,382.11
382.11,382.13
382.13,382.7
382.7,382.3
382.3,382.6
382.6,382.8
383.4,383.2
383.2,383.1
383.1,383.3
384.5,384.1
384.1,384.7
384.7,384.10
384.10,384.2
384.2,384.3
384.3,384.4
384.4,384.6
384.6,384.8
384.8,384.9
385.6,385.8
385.8,385.1
385.1,385.7
385.7,385.2
385.2,385.12
385.12,385.10
385.10,385.11
385.11,385.3
385.3,385.4
385.4,385.5
385.5,385.9
386.1,386.11
386.11,386.5
386.5,386.9
386.9,386.6
386.6,386.12
386.12,386.3
386.3,386.7
386.7,386.10
386.10,386.2
386.2,386.4
386.4,386.8
387.1,387.10
387.10,387.13
387.13,387.2
387.2,387.11
387.11,387.12
387.12,387.3
387.3,387.5
387.5,387.6
387.6,387.9
387.9,387.14
387.14,387.4
387.4,387.7
387.7,387.8
388.4,388.2
388.2,388.1
388.1,388.3
389.1,389.12
389.12,389.3
389.3,389.5
389.5,389.6
389.6,389.7
389.7,389.8
389.8,389.11
389.11,389.2
389.2,389.4
389.4,389.9
389.9,389.10
390.11,390.15
390.15,390.3
390.3,390.4
390.4,390.5
390.5,390.7
390.7,390.9
390.9,390.12
390.12,390.16
390.16,390.10
390.10,390.6
390.6,390.1
390.1,390.13
390.13,390.17
390.17,390.2
390.2,390.8
390.8,390.14
391.1,391.2
391.2,391.4
391.4,391.6
391.6,391.8
391.8,391.9
391.9,391.5
391.5,391.10
391.10,391.3
391.3,391.7
392.1,392.8
392.8,392.2
392.2,392.3
392.3,392.4
392.4,392.5
392.5,392.6
392.6,392.7
393.2,393.4
393.4,393.1
393.1,393.10
393.10,393.3
393.3,393.5
393.5,393.8
393.8,393.9
393.6,393.7
394.17,394.11
394.11,394.2
394.2,394.20
394.20,394.25
394.25,394.26
394.26,394.8
394.8,394.10
394.10,394.12
394.12,394.14
394.14,394.19
394.19,394.6
394.6,394.5
394.5,394.23
394.23,394.16
394.16,394.18
394.18,394.3
394.3,394.7
394.7,394.22
394.22,394.4
394.4,394.1
394.1,394.13
394.13,394.15
394.15,394.21
394.21,394.24
394.24,394.9
395.4,395.5
395.5,395.6
395.6,395.3
395.3,395.7
395.7,395.1
395.1,395.2
396.1,396.2
396.2,396.3
396.3,396.5
396.5,396.6
396.6,396.8
396.8,396.10
396.10,396.12
396.12,396.7
396.7,396.4
396.4,396.9
396.9,396.11
397.2,397.3
397.3,397.5
397.5,397.8
397.8,397.6
397.6,397.7
397.7,397.10
397.10,397.4
397.4,397.9
397.9,397.1
398.7,398.9
398.9,398.12
398.12,398.14
398.14,398.15
398.15,398.4
398.4,398.5
398.5,398.8
398.8,398.10
398.10,398.11
398.11,398.13
398.13,398.2
398.2,398.3
398.3,398.6
398.6,398.1
399.10,399.13
399.13,399.3
399.3,399.5
399.5,399.7
399.7,399.8
399.8,399.1
399.1,399.11
399.11,399.12
399.12,399.14
399.14,399.2
399.2,399.4
399.4,399.6
399.6,399.9
400.13,400.6
400.6,400.12
400.12,400.4
400.4,400.1
400.1,400.11
400.11,400.3
400.3,400.5
400.5,400.7
400.7,400.8
400.8,400.10
400.10,400.9
400.9,400.2
401.3,401.8
401.8,401.1
401.1,401.12
401.12,401.6
401.6,401.9
401.9,401.10
401.10,401.11
401.11,401.2
401.2,401.4
401.4,401.5
401.5,401.7
402.10,402.2
402.2,402.3
402.3,402.8
402.8,402.12
402.12,402.4
402.4,402.6
402.6,402.9
402.9,402.1
402.1,402.11
402.11,402.13
402.13,402.5
402.5,402.14
402.14,402.7
403.5,403.1
403.1,403.9
403.9,403.2
403.2,403.3
403.3,403.7
403.7,403.8
403.8,403.4
403.4,403.6
404.2,404.1
404.1,404.10
404.10,404.4
404.4,404.5
404.5,404.6
404.6,404.7
404.7,404.9
404.9,404.8
405.2,405.6
405.6,405.7
405.7,405.1
405.1,405.3
405.3,405.4
405.4,405.5
405.5,405.8
405.8,405.9
406.3,406.4
406.4,406.1
406.1,406.2
407.2,407.4
407.4,407.1
407.1,407.3
407.3,407.5
407.5,407.6
408.6,408.8
408.8,408.1
408.1,408.5
408.5,408.2
408.2,408.7
408.7,408.4
408.4,408.9
408.9,408.3
409.5,409.4
409.4,409.7
409.7,409.3
409.3,409.1
409.1,409.6
409.6,409.2
409.2,409.8
410.4,410.1
410.2,410.3
411.1,411.10
411.10,411.11
411.11,411.8
411.8,411.12
411.12,411.16
411.16,411.2
411.2,411.5
411.5,411.6
411.6,411.9
411.9,411.14
411.14,411.3
411.3,411.7
411.7,411.4
411.4,411.15
411.15,411.13
412.1,412.9
412.9,412.6
412.6,412.5
412.5,412.2
412.2,412.7
412.3,412.4
413.5,413.7
413.7,413.8
413.8,413.9
413.9,413.12
413.12,413.10
413.10,413.11
413.11,413.13
413.13,413.2
413.2,413.4
413.4,413.6
413.6,413.1
413.1,413.3
414.4,414.2
414.2,414.3
414.3,414.1
414.1,414.6
414.6,414.7
414.7,414.5
415.3,415.2
415.2,415.1
415.1,415.4
415.4,415.5
416.15,416.12
416.12,416.13
416.13,416.2
416.2,416.7
416.7,416.1
416.1,416.10
416.10,416.16
416.16,416.17
416.17,416.5
416.5,416.9
416.9,416.14
416.14,416.4
416.4,416.3
416.3,416.8
416.11,416.6
417.10,417.2
417.2,417.3
417.3,417.7
417.7,417.8
417.8,417.6
417.6,417.9
417.9,417.11
417.11,417.4
417.4,417.1
417.1,417.12
417.12,417.13
417.13,417.5
418.1,418.4
418.4,418.7
418.7,418.3
418.3,418.2
418.2,418.6
418.6,418.8
418.8,418.5
419.7,419.1
419.1,419.10
419.10,419.11
419.11,419.12
419.12,419.5
419.5,419.6
419.6,419.13
419.13,419.3
419.3,419.4
419.4,419.9
419.9,419.14
419.14,419.2
419.2,419.8
420.1,420.10
420.10,420.2
420.2,420.3
420.3,420.7
420.7,420.9
420.9,420.4
420.4,420.11
420.11,420.5
420.5,420.6
420.6,420.8
421.1,421.12
421.12,421.14
421.14,421.4
421.4,421.7
421.7,421.10
421.10,421.15
421.15,421.2
421.2,421.5
421.5,421.6
421.6,421.9
421.9,421.13
421.13,421.3
421.3,421.16
421.16,421.11
421.11,421.8
422.1,422.2
422.2,422.3
422.3,422.4
422.4,422.5
422.5,422.6
424.5,423.3
423.3,424.1
424.1,424.2
424.2,424.4
424.4,424.7
424.7,424.8
424.8,424.9
424.9,424.3
424.3,424.6
425.5,425.1
425.1,425.7
425.7,425.3
425.3,425.6
425.6,425.9
425.9,425.8
425.8,425.2
425.2,425.4
426.2,426.6
426.6,426.3
426.3,426.1
426.1,426.4
426.4,426.5
427.11,427.14
427.14,427.5
427.5,427.8
427.8,427.16
427.16,427.13
427.13,427.1
427.1,427.12
427.12,427.17
427.17,427.3
427.3,427.10
427.10,427.15
427.15,427.2
427.2,427.4
427.4,427.6
427.6,427.9
427.9,427.7
428.16,428.4
428.4,428.11
428.11,428.12
428.12,428.13
428.13,428.3
428.3,428.7
428.7,428.8
428.8,428.1
428.1,428.10
428.10,428.15
428.15,428.5
428.5,428.6
428.6,428.9
428.9,428.14
428.14,428.2
429.9,429.11
429.11,429.8
429.8,429.1
429.1,429.10
429.10,429.3
429.3,429.4
429.4,429.6
429.6,429.7
429.7,429.5
429.5,429.2
430.13,430.16
430.16,430.17
430.17,430.4
430.4,430.6
430.6,430.7
430.7,430.1
430.1,430.10
430.10,430.14
430.14,430.2
430.2,430.5
430.5,430.9
430.9,430.8
430.8,430.12
430.12,430.15
430.15,430.3
430.3,430.11
431.4,431.5
431.5,431.8
431.8,431.9
431.9,431.1
431.1,431.7
431.7,431.2
431.2,431.6
431.6,431.3
432.1,432.2
432.2,432.3
432.3,432.4
433.2,433.11
433.11,433.4
433.4,433.6
433.6,433.7
433.7,433.9
433.9,433.3
433.3,433.10
433.10,433.5
433.5,433.1
433.1,433.12
433.12,433.8
434.5,434.1
434.1,434.13
434.13,434.14
434.14,434.16
434.16,434.4
434.4,434.6
434.6,434.10
434.10,434.3
434.3,434.11
434.11,434.17
434.17,434.7
434.7,434.15
434.15,434.12
434.12,434.2
434.2,434.8
434.8,434.9
435.3,435.2
435.2,435.6
435.6,435.10
435.10,435.4
435.4,435.5
435.5,435.8
435.8,435.7
435.7,435.1
435.1,435.9
436.12,436.15
436.15,436.4
436.4,436.5
436.5,436.6
436.6,436.7
436.7,436.9
436.9,436.1
436.1,436.10
436.10,436.11
436.11,436.2
436.2,436.3
436.3,436.8
436.8,436.14
436.14,436.13
437.13,437.20
437.20,437.21
437.21,437.4
437.4,437.6
437.6,437.9
437.9,437.12
437.12,437.3
437.3,437.11
437.11,437.16
437.16,437.17
437.17,437.2
437.2,437.14
437.14,437.22
437.22,437.1
437.1,437.10
437.10,437.15
437.15,437.18
437.18,437.19
437.19,437.5
437.5,437.7
437.7,437.8
438.4,438.7
438.7,438.3
438.3,438.8
438.8,438.1
438.1,438.2
438.2,438.5
438.5,438.6
439.1,439.2
439.2,439.4
439.4,439.5
439.5,439.3
439.3,439.6
440.1,440.2
441.6,441.2
441.2,441.3
441.3,441.5
441.5,441.8
441.8,441.1
441.1,441.9
441.9,441.4
441.4,441.7
442.1,442.10
442.10,442.13
442.13,442.3
442.3,442.11
442.11,442.12
442.12,442.5
442.5,442.6
442.6,442.7
442.7,442.2
442.2,442.4
442.4,442.8
442.8,442.9
443.1,443.11
443.11,443.16
443.16,443.2
443.2,443.4
443.4,443.9
443.9,443.13
443.13,443.15
443.15,443.5
443.5,443.6
443.6,443.10
443.10,443.14
443.14,443.3
443.3,443.7
443.7,443.12
443.12,443.8
444.2,444.6
444.6,444.3
444.3,444.1
444.1,444.4
444.4,444.7
444.7,444.5
444.5,444.8
445.5,445.3
445.3,445.1
445.1,445.2
445.2,445.4
445.4,445.6
446.3,446.4
446.4,446.6
446.6,446.7
446.7,446.1
446.1,446.5
446.5,446.2
447.5,447.1
447.1,447.4
447.4,447.2
447.2,447.3
448.1,448.2
449.10,449.7
449.7,449.2
449.2,449.3
449.3,449.4
449.4,449.5
449.5,449.6
449.6,449.9
449.9,449.8
449.8,449.1
450.9,450.5
450.5,450.8
450.8,450.3
450.3,450.4
450.4,450.1
450.1,450.2
450.2,450.6
450.6,450.7
451.2,451.4
451.4,451.5
451.5,451.6
451.6,451.1
451.1,451.3
452.3,452.4
452.4,452.1
453.1,453.2
453.2,453.3
453.3,453.5
453.5,453.6
453.6,453.7
453.7,453.4
453.4,452.2
454.11,454.10
454.10,454.4
454.4,454.3
454.3,454.7
454.7,454.12
454.12,454.13
454.13,454.2
454.2,454.5
454.5,454.6
454.6,454.9
454.9,454.1
454.1,454.8
455.1,455.2
456.3,456.1
456.1,456.4
456.4,456.2
457.1,457.6
457.6,457.3
457.3,457.5
457.5,457.4
457.4,457.2
458.2,458.6
458.6,458.1
458.1,458.7
458.7,458.4
458.4,458.5
458.5,458.3
458.3,458.8
459.7,459.2
459.2,459.6
459.6,459.4
459.4,459.8
459.8,459.3
459.3,459.1
459.1,459.5
460.3,460.7
460.7,460.1
460.1,460.10
460.10,460.2
460.2,460.6
460.6,460.8
460.8,460.9
460.9,460.11
460.11,460.5
460.5,460.4
461.4,461.5
461.5,461.7
461.7,461.9
461.9,461.2
461.2,461.8
461.8,461.6
461.6,461.1
461.1,461.3
462.4,462.7
462.7,462.1
462.1,462.3
462.3,462.5
462.5,462.6
462.6,462.2
463.1,463.2
463.2,463.9
463.9,463.7
463.7,463.4
463.4,463.6
463.6,463.8
463.8,463.5
463.5,463.3
464.1,464.4
464.4,464.3
464.3,464.2
465.1,465.3
465.3,465.4
465.4,465.6
465.6,465.2
465.2,465.5
466.9,466.8
466.8,466.3
466.3,466.4
466.4,466.6
466.6,466.1
466.1,466.2
466.2,466.5
466.5,466.7
467.1,467.2
467.2,467.3
467.3,467.5
467.5,467.6
467.6,467.9
467.9,467.4
467.4,467.7
467.7,467.8
467.8,467.10
469.1,469.2
469.2,469.3
469.3,469.4
469.4,469.5
469.5,469.6
470.8,470.1
470.1,470.10
470.10,470.4
470.4,470.12
470.12,470.2
470.2,470.13
470.13,470.3
470.3,470.6
470.6,470.9
470.9,470.11
470.11,470.14
470.14,470.5
470.5,470.7
471.9,471.3
471.3,471.1
471.1,471.4
471.4,471.5
471.5,471.6
471.6,471.7
471.7,471.8
471.8,471.2
472.19,472.6
472.6,472.1
472.1,472.12
472.12,472.13
472.13,472.18
472.18,472.7
472.7,472.9
472.9,472.11
472.11,472.14
472.14,472.16
472.16,472.3
472.3,472.4
472.4,472.8
472.8,472.10
472.10,472.15
472.15,472.17
472.17,472.2
472.2,472.5
473.6,473.3
473.3,473.1
473.1,473.2
473.2,473.7
473.7,473.4
473.4,473.5
474.2,474.6
474.6,474.10
474.10,474.12
474.12,474.3
474.3,474.5
474.5,474.11
474.11,474.9
474.9,474.1
474.1,474.4
474.4,474.7
474.7,474.8
475.1,475.2
475.2,475.3
475.3,475.4
475.4,475.7
475.7,475.8
476.9,476.10
476.10,476.5
476.5,476.4
476.4,476.1
476.1,476.2
476.2,476.3
476.3,476.6
476.6,476.7
476.7,476.8
477.2,477.1
478.1,478.5
478.5,478.3
478.3,478.2
478.2,478.6
478.6,478.4
479.10,479.11
479.11,479.13
479.13,479.3
479.3,479.6
479.6,479.9
479.9,479.1
479.1,479.16
479.16,479.17
479.17,479.19
479.19,479.4
479.4,479.5
479.5,479.12
479.12,479.14
479.14,479.15
479.15,479.2
479.2,479.7
479.7,479.8
479.8,479.18
480.3,480.2
480.2,480.4
480.4,480.1
480.1,480.5
482.5,482.1
482.1,482.4
482.4,482.3
482.3,482.6
482.6,482.2
482.2,482.7
483.3,483.7
483.7,483.2
483.2,483.1
483.1,483.4
483.4,483.6
483.6,483.8
483.8,483.5
483.5,483.9
484.6,484.7
484.7,484.1
484.1,484.12
484.12,484.4
484.4,484.11
484.11,484.2
484.2,484.3
484.3,484.5
484.5,484.8
484.8,484.9
484.9,484.10
485.1,485.10
485.10,485.2
485.2,485.4
485.4,485.8
485.8,485.9
485.9,485.11
485.11,485.3
485.3,485.7
485.5,485.6
486.1,486.2
486.2,486.3
486.3,486.4
486.4,486.5
487.1,487.2
487.2,487.3
487.3,487.5
487.5,487.7
487.7,487.8
487.8,487.9
487.9,487.4
487.4,487.6
488.6,488.7
488.7,488.1
488.1,488.12
488.12,488.4
488.4,488.5
488.5,488.8
488.8,488.9
488.9,488.10
488.10,488.11
488.11,488.2
488.2,488.3
489.3,489.1
489.1,489.4
489.4,489.2
489.2,489.5
490.11,490.10
490.10,490.4
490.4,490.2
490.2,490.14
490.14,490.7
490.7,490.12
490.12,490.13
490.13,490.3
490.3,490.5
490.5,490.6
490.6,490.8
490.8,490.1
490.1,490.9
491.8,491.13
491.13,491.15
491.15,491.17
491.17,491.2
491.2,491.3
491.3,491.9
491.9,491.20
491.20,491.11
491.11,491.4
491.4,491.1
491.1,491.10
491.10,491.14
491.14,491.16
491.16,491.18
491.18,491.6
491.6,491.5
491.5,491.7
491.7,491.12
491.12,491.19
492.1,492.12
492.12,492.14
492.14,492.3
492.3,492.6
492.6,492.9
492.9,492.13
492.13,492.7
492.7,492.11
492.10,492.15
492.15,492.2
492.2,492.4
492.4,492.5
492.5,492.8
492.8,493.1
494.17,494.12
494.12,494.8
494.8,494.15
494.15,494.18
494.18,494.5
494.5,494.6
494.6,494.4
494.4,494.1
494.1,494.10
494.10,494.13
494.13,494.14
494.14,494.9
494.9,494.11
494.11,494.16
494.16,494.2
494.2,494.7
495.1,495.10
495.10,495.4
495.4,495.7
495.7,495.2
495.2,495.3
495.3,495.5
495.5,495.6
495.6,495.8
495.8,495.9
496.3,496.1
496.1,496.2
496.2,496.4
497.1,497.4
497.4,497.10
497.10,497.2
497.2,497.3
497.3,497.5
497.5,497.6
497.6,497.8
497.8,497.7
497.7,497.9
498.3,498.12
498.12,498.13
498.13,498.7
498.7,498.9
498.9,498.5
498.5,498.1
498.1,498.11
498.11,498.17
498.17,498.19
498.19,498.2
498.2,498.4
498.4,498.8
498.8,498.15
498.15,498.14
498.14,498.6
498.6,498.18
498.10,498.16
499.5,499.9
499.9,499.11
499.11,499.12
499.12,499.2
499.2,499.3
499.3,499.1
499.1,499.13
499.13,499.14
499.14,499.4
499.4,499.7
499.7,499.8
499.8,499.10
499.10,499.6
500.5,500.1
500.1,500.2
500.2,500.3
500.3,500.4
500.4,500.7
500.7,500.8
500.8,500.6
501.10,501.3
501.3,501.4
501.4,501.2
501.2,501.1
501.1,501.12
501.12,501.13
501.13,501.6
501.6,501.9
501.9,501.5
501.5,501.8
501.8,501.11
501.11,501.7
502.4,502.1
502.1,502.10
502.10,502.2
502.2,502.3
502.3,502.6
502.6,502.9
502.9,502.5
502.5,502.11
502.11,502.8
502.8,502.7
503.6,503.7
503.7,503.1
503.1,503.2
503.2,503.3
503.3,503.4
503.4,503.5
503.5,503.8
504.2,504.1
505.2,505.4
505.4,505.1
505.1,505.3
505.3,505.5
505.5,505.7
505.7,505.6
506.7,506.2
506.2,506.1
506.1,506.3
506.3,506.4
506.4,506.5
506.5,506.6
507.2,507.9
507.9,507.1
507.1,507.7
507.7,507.10
507.10,507.11
507.11,507.3
507.3,507.4
507.4,507.5
507.5,507.8
507.8,507.6
507.6,507.12
508.16,508.4
508.4,508.10
508.10,508.11
508.11,508.15
508.15,508.3
508.3,508.5
508.5,508.7
508.7,508.2
508.2,508.8
508.8,508.1
508.1,508.12
508.12,508.13
508.13,508.14
508.14,508.6
508.6,508.9
509.7,509.1
509.1,509.3
509.3,509.4
509.4,509.5
509.5,509.6
509.6,509.8
509.8,509.10
509.10,509.2
509.2,509.9
511.10,511.17
511.17,511.4
511.4,511.6
511.6,511.12
511.12,511.14
511.14,511.19
511.19,511.5
511.5,511.8
511.8,511.9
511.9,511.2
511.2,511.15
511.15,511.16
511.16,511.1
511.1,511.11
511.11,511.13
511.13,511.18
511.18,511.3
511.3,511.7
512.2,512.3
512.3,512.4
512.4,512.5
512.5,512.1
513.11,513.13
513.13,513.2
513.2,513.3
513.3,513.5
513.5,513.9
513.9,513.1
513.1,513.10
513.10,513.12
513.12,513.4
513.4,513.6
513.6,513.7
513.7,513.8
514.1,514.11
514.11,514.3
514.3,514.4
514.4,514.6
514.6,514.8
514.8,514.10
514.10,514.2
514.2,514.5
514.5,514.7
514.7,514.9
515.9,515.5
515.5,515.8
515.8,515.10
515.10,515.2
515.2,515.4
515.4,515.6
516.1,516.4
516.4,515.3
515.3,515.7
515.7,516.2
516.2,516.3
516.3,516.5
516.5,516.6
516.6,516.7
516.7,516.8
517.1,517.2
517.4,517.3
518.4,518.1
518.1,518.3
518.3,518.5
518.5,518.6
518.6,518.7
518.7,518.8
518.8,518.2
519.4,519.1
519.3,519.5
519.5,519.2
520.2,520.7
520.7,520.4
520.4,520.1
520.1,520.3
520.3,520.5
520.5,520.6
521.1,521.2
521.2,521.4
521.4,521.5
521.5,521.3
522.1,522.2
522.2,522.3
523.6,523.2
523.2,523.3
523.3,523.8
523.8,523.7
523.7,523.1
523.1,523.4
523.4,523.5
523.5,523.9
524.12,524.1
524.1,524.13
524.13,524.16
524.16,524.22
524.22,524.3
524.3,524.8
524.8,524.9
524.9,524.19
524.19,524.15
524.15,524.2
524.2,524.20
524.20,524.6
524.6,524.11
524.11,524.18
524.18,524.21
524.21,524.23
524.23,524.4
524.4,524.5
524.5,524.10
524.10,524.14
524.14,524.17
524.17,524.7
525.8,525.5
525.5,525.3
525.3,525.7
525.7,525.1
525.1,525.10
525.10,525.2
525.2,525.4
525.4,525.6
525.6,525.9
526.3,526.1
526.1,526.2
526.2,526.4
526.4,526.5
527.1,527.10
527.10,527.2
527.2,527.5
527.5,527.7
527.7,527.8
527.8,527.3
527.3,527.4
527.4,527.6
527.6,527.9
528.3,528.6
528.6,528.1
528.1,528.2
528.2,528.4
528.4,528.7
528.7,528.8
528.8,528.9
528.9,528.5
529.1,529.2
529.2,529.3
529.3,529.4
529.4,529.5
529.5,529.6
530.10,530.4
530.4,530.6
530.6,530.1
530.1,530.11
530.11,530.2
530.2,530.3
530.3,530.7
530.7,530.8
530.8,530.9
530.9,530.5
531.6,531.11
531.11,531.13
531.13,531.15
531.15,531.17
531.17,531.2
531.2,531.4
531.4,531.5
531.5,531.9
531.9,531.10
531.10,531.18
531.18,531.8
531.8,531.1
531.1,531.12
531.12,531.14
531.14,531.16
531.16,531.3
531.3,531.7
532.10,532.12
532.12,532.3
532.3,532.5
532.5,532.6
532.6,532.9
532.9,532.1
532.1,532.11
532.11,532.2
532.2,532.4
532.4,532.7
532.7,532.8
533.5,533.1
533.1,533.3
533.3,533.4
533.4,533.2
534.2,534.1
534.1,534.3
535.5,535.1
535.1,535.4
535.4,535.2
535.2,535.8
535.8,535.3
535.3,535.6
535.6,535.7
536.8,536.10
536.10,536.1
536.1,536.11
536.11,536.12
536.12,536.3
536.3,536.4
536.4,536.9
536.9,536.5
536.5,536.6
536.6,536.7
536.7,536.2
537.5,537.7
537.7,537.1
537.1,537.4
537.4,537.9
537.9,537.2
537.2,537.8
537.8,537.6
537.6,537.3
538.10,538.17
538.17,538.3
538.3,538.5
538.5,538.4
538.4,538.16
538.16,538.11
538.11,538.14
538.14,538.2
538.2,538.6
538.6,538.1
538.1,538.12
538.12,538.13
538.13,538.15
538.15,538.7
538.7,538.9
538.9,538.8
539.10,539.9
539.9,539.11
539.11,539.1
539.1,539.2
539.2,539.3
539.3,539.6
539.6,539.7
539.7,539.8
539.8,539.4
539.4,539.5
540.2,540.3
540.3,540.1
540.1,540.4
541.2,541.1
541.1,541.3
542.1,542.11
542.11,542.3
542.3,542.5
542.5,542.8
542.8,542.9
542.9,542.10
542.10,542.12
542.12,542.2
542.2,542.4
542.4,542.6
542.6,542.7
543.1,543.2
544.10,544.7
544.7,544.12
544.12,544.2
544.2,544.4
544.4,544.5
544.5,544.8
544.8,544.9
544.9,544.1
544.1,544.11
544.11,544.13
544.13,544.6
544.6,544.3
545.3,545.2
545.2,545.1
545.1,545.5
545.5,545.4
546.1,546.3
546.3,546.6
546.6,546.8
546.8,546.2
546.2,546.4
546.4,546.5
546.5,546.7
547.9,547.1
547.1,547.10
547.10,547.2
547.2,547.5
547.5,547.6
547.6,547.8
547.8,547.12
547.12,547.13
547.13,547.3
547.3,547.4
547.4,547.7
547.7,547.11
548.12,548.3
548.3,548.13
548.13,548.17
548.17,548.18
548.18,548.5
548.5,548.7
548.7,548.8
548.8,548.1
548.1,548.11
548.11,548.15
548.15,548.9
548.9,548.16
548.16,548.6
548.6,548.10
548.10,548.14
548.14,548.2
548.2,548.4
549.2,549.1
549.1,549.8
549.8,549.7
549.7,549.4
549.4,549.3
549.3,549.6
549.6,549.5
550.11,550.15
550.15,550.5
550.5,550.6
550.6,550.16
550.16,550.4
550.4,550.1
550.1,550.12
550.12,550.13
550.13,550.3
550.3,550.10
550.10,550.14
550.14,550.2
550.2,550.7
550.7,550.8
550.8,550.9
551.10,551.12
551.12,551.2
551.2,551.3
551.3,551.6
551.6,551.9
551.9,551.1
551.1,551.7
551.7,551.15
551.15,551.11
551.11,551.13
551.13,551.14
551.14,551.4
551.4,551.5
551.5,551.8
552.12,552.3
552.3,552.9
552.9,552.15
552.15,552.8
552.8,552.11
552.11,552.13
552.13,552.16
552.16,552.4
552.4,552.5
552.5,552.6
552.6,552.1
552.1,552.10
552.10,552.14
552.14,552.17
552.17,552.2
552.2,552.7
553.11,553.3
553.3,553.1
553.1,553.13
553.14,553.15
553.15,553.18
553.18,553.2
553.2,553.4
553.4,553.7
553.7,553.10
553.10,553.17
553.17,553.5
553.5,553.6
553.6,553.12
553.12,553.16
553.16,553.8
553.8,553.9
554.4,554.5
554.5,554.7
554.7,554.8
554.8,554.1
554.1,554.10
554.10,554.2
554.2,554.3
554.3,554.6
554.6,554.9
555.10,555.3
555.3,555.4
555.4,555.8
555.8,555.11
555.11,555.2
555.2,555.5
555.5,555.7
555.7,555.1
555.1,555.6
555.6,555.9
556.10,556.12
556.12,556.4
556.4,556.7
556.7,556.1
556.1,556.2
556.2,556.5
556.5,556.9
556.9,556.11
556.11,556.13
556.13,556.3
556.3,556.6
556.6,556.8
557.9,557.17
557.17,557.15
557.15,557.11
557.11,557.12
557.12,557.13
557.13,557.4
557.4,557.5
557.5,557.8
557.8,557.1
557.1,557.10
557.10,557.14
557.14,557.3
557.3,557.16
557.16,557.18
557.18,557.19
557.19,557.2
557.2,557.6
557.6,557.7
558.2,558.3
558.3,558.5
558.5,558.6
558.6,558.4
558.4,558.1
558.1,558.7
559.1,559.11
559.11,559.12
559.12,559.3
559.3,559.7
559.7,559.9
559.9,559.10
559.10,559.14
559.14,559.2
559.2,559.6
559.6,559.13
559.13,559.4
559.4,559.5
559.5,559.8
560.3,560.13
560.13,560.11
560.11,560.12
560.12,560.2
560.2,560.5
560.5,560.7
560.7,560.9
560.9,560.1
560.1,560.14
560.14,560.15
560.15,560.4
560.4,560.6
560.6,560.8
560.8,560.10
562.1,562.2
563.1,563.4
563.4,563.5
563.5,563.3
563.3,563.2
564.2,564.8
564.8,564.1
564.1,564.5
564.5,564.6
564.6,564.9
564.9,564.10
564.10,564.3
564.3,564.4
564.4,564.7
565.9,565.3
565.3,565.7
565.7,565.1
565.1,565.10
565.10,565.2
565.2,565.4
565.4,565.6
565.6,565.8
566.5,566.1
566.1,566.7
566.7,566.2
566.2,566.3
566.3,566.4
566.4,566.6
566.6,566.9
566.9,565.5
565.5,566.8
567.4,567.7
567.7,567.8
567.8,567.9
567.9,567.13
567.13,567.10
567.10,567.5
567.5,567.12
567.12,567.3
567.3,567.11
567.11,567.14
567.14,567.2
567.2,567.6
567.6,567.1
567.1,567.15
568.1,568.2
568.2,568.3
568.3,568.4
568.4,568.5
568.5,568.6
569.5,569.6
569.6,569.1
569.1,569.12
569.12,569.3
569.3,569.4
569.4,569.7
569.7,569.9
569.9,569.8
569.8,569.11
569.11,569.2
569.2,569.10
570.10,570.3
570.3,570.4
570.4,570.8
570.8,570.9
570.9,570.1
570.1,570.2
570.2,570.5
570.5,570.6
570.6,570.7
571.7,571.1
571.1,571.10
571.10,571.4
571.4,571.5
571.5,571.6
571.6,571.9
571.9,571.3
571.3,571.2
571.2,571.8
572.4,572.1
572.1,572.3
572.3,572.2
572.2,572.5
573.10,573.3
573.3,573.6
573.6,573.7
573.7,573.12
573.12,573.5
573.5,573.1
573.1,573.4
573.4,573.9
573.9,573.11
573.2,573.8
574.1,574.12
574.12,574.3
574.3,574.4
574.4,574.6
574.6,574.8
574.8,574.7
574.7,574.2
574.2,574.5
574.5,574.9
574.9,574.10
574.10,574.11
575.1,575.6
575.6,575.7
575.7,575.11
575.11,575.10
575.10,575.2
575.2,575.3
575.3,575.4
575.4,575.8
575.8,575.9
575.9,575.5
576.4,576.3
576.3,576.2
576.2,576.6
576.6,576.1
576.1,576.5
577.1,577.13
577.13,577.2
577.2,577.7
577.7,577.9
577.9,577.11
577.11,577.12
577.12,577.3
577.3,577.5
577.5,577.6
577.6,577.8
577.8,577.4
577.4,577.10
578.15,578.1
578.1,578.11
578.11,578.14
578.14,578.17
578.17,578.3
578.3,578.6
578.6,578.12
578.12,578.7
578.7,578.18
578.18,578.8
578.8,578.16
578.16,578.10
578.10,578.13
578.13,578.2
578.2,578.4
578.4,578.5
578.5,578.9
579.11,579.12
579.12,579.5
579.5,579.6
579.6,579.7
579.7,579.8
579.8,579.9
579.9,579.14
579.14,579.15
579.15,579.2
579.2,579.3
579.3,579.10
579.10,579.13
579.13,579.1
579.1,579.4
580.1,580.10
580.10,580.2
580.2,580.3
580.3,580.5
580.5,580.8
580.8,580.4
580.4,580.7
580.7,580.6
580.6,580.9
581.10,581.11
581.11,581.4
581.4,581.6
581.6,581.12
581.12,581.14
581.14,581.2
581.2,581.5
581.5,581.7
581.7,581.9
581.9,581.15
581.15,581.8
581.8,581.1
581.1,581.13
581.13,581.3
582.1,582.2
582.2,582.4
582.4,582.7
582.7,582.8
582.8,582.9
582.9,582.6
582.6,582.5
582.5,582.3
583.1,583.2
584.3,584.5
584.5,584.8
584.8,584.9
584.9,584.10
584.10,584.11
584.11,584.12
584.12,584.2
584.2,584.4
584.4,584.6
584.6,584.1
584.1,584.7
585.2,585.3
585.3,585.4
585.4,585.6
585.6,585.8
585.8,585.9
585.9,585.1
585.1,585.10
585.10,585.7
585.7,585.5
586.5,586.2
586.2,586.1
586.1,586.3
586.3,586.4
586.4,586.6
587.1,587.2
588.1,588.4
588.2,588.7
588.7,588.8
588.8,588.5
588.5,588.6
588.6,588.3
589.3,589.1
589.1,589.4
589.4,589.5
589.5,589.2
590.3,590.1
590.1,590.2
591.1,591.2
591.2,591.3
592.8,592.1
592.1,592.2
592.2,592.7
592.7,592.4
592.4,592.6
592.6,592.3
592.3,592.5
593.1,593.2
593.2,593.4
593.4,593.6
593.6,593.7
593.7,593.3
593.3,593.5
595.1,595.5
595.5,595.3
595.3,595.2
595.2,595.4
595.4,595.7
595.7,595.8
595.8,595.6
596.2,596.1
596.1,596.6
596.6,596.3
596.3,596.5
596.5,596.7
596.7,596.4
597.4,597.1
597.1,597.2
597.2,597.3
598.6,598.5
598.5,598.1
598.1,598.3
598.3,598.4
598.4,598.2
600.2,600.1
601.1,601.6
601.6,601.3
601.3,601.4
601.4,601.2
601.2,601.5
601.5,601.7
602.2,602.3
602.3,602.6
602.6,602.4
602.4,602.7
602.7,602.5
602.5,602.1
604.1,604.2
604.2,604.3
604.3,604.4
605.1,605.2
605.2,605.3
606.1,606.3
606.3,606.2
608.5,608.2
608.2,608.4
608.4,608.6
608.6,608.1
608.1,608.3
608.3,608.7
609.1,609.4
609.4,609.2
609.2,609.3
609.3,609.5
609.5,609.6
610.1,610.2
611.2,611.4
611.4,611.5
611.5,611.6
611.6,611.1
611.1,611.3
612.4,612.5
612.5,612.2
612.2,612.3
612.3,612.1
613.5,613.4
613.4,613.6
613.6,613.8
613.8,613.1
613.1,613.3
613.3,613.7
613.7,613.2
615.1,615.4
615.4,615.7
615.7,615.8
615.8,615.2
615.2,615.3
615.3,615.6
615.6,615.5
615.5,615.9
616.1,616.2
616.2,616.4
616.4,616.5
616.5,616.3
617.3,617.7
617.7,617.1
617.1,617.4
617.4,617.2
617.2,617.5
618.1,618.3
618.3,618.4
618.4,618.2
618.2,618.6
618.6,618.8
618.8,618.5
618.5,617.6
617.6,618.7
620.2,620.1
621.1,621.2
622.1,622.7
622.7,622.8
622.8,622.5
622.5,622.6
622.6,622.4
622.4,622.2
622.2,622.9
622.9,622.3
623.7,623.8
623.8,623.4
623.4,623.3
623.3,623.1
623.1,623.6
624.7,624.3
624.3,624.10
624.10,624.4
624.4,624.5
624.5,624.11
624.11,624.2
624.2,624.8
624.8,624.6
624.6,624.9
625.2,625.3
625.3,625.1
626.3,625.4
625.4,626.2
627.6,627.4
627.4,627.7
627.7,627.3
627.3,627.1
627.1,627.2
627.2,627.5
628.1,628.3
628.3,628.2
628.2,628.4
629.1,629.2
629.2,629.3
629.3,629.4
630.1,630.2
631.5,631.1
631.1,631.3
631.3,631.4
631.4,631.2
632.1,632.3
632.3,632.2
633.1,633.3
633.3,633.2
634.2,634.6
634.6,634.3
634.3,634.4
634.4,634.1
634.1,634.5
635.2,635.9
635.9,635.5
635.5,635.6
635.6,635.10
635.10,635.3
635.3,635.8
635.8,635.7
635.7,635.1
635.1,635.11
635.11,635.12
635.12,635.4
636.3,636.1
636.1,636.2
636.2,636.4
637.1,637.2
637.2,637.3
637.3,637.4
637.4,637.5
637.5,637.6
638.7,638.1
638.1,638.3
638.3,638.6
638.6,638.2
638.2,638.4
638.4,638.5
640.4,640.1
640.1,640.3
640.3,640.2
641.2,641.1
642.3,642.4
642.4,642.2
642.2,642.1
643.2,643.4
643.4,643.1
643.1,643.3
644.1,644.6
644.6,644.9
644.9,644.2
644.2,644.3
644.3,644.8
644.8,643.5
643.5,644.5
644.5,644.4
644.4,644.7
645.2,645.1
645.1,645.3
645.3,645.4
646.2,646.5
646.5,646.6
646.6,646.1
646.1,646.3
646.3,646.7
646.7,646.4
647.3,647.1
647.1,647.2
649.1,649.4
649.4,649.3
649.3,649.2
650.1,650.2
651.1,651.7
651.7,651.2
651.2,651.3
651.3,651.4
651.4,651.6
651.6,651.5
652.1,652.2
652.2,652.3
652.3,652.4
653.2,653.1
654.1,654.2
654.2,654.3
655.1,655.2
656.2,656.1
657.2,657.3
657.3,657.4
657.4,657.7
657.7,657.1
657.1,657.5
657.5,657.6
658.1,658.3
658.3,658.4
658.4,658.2
659.3,659.4
659.4,659.2
659.2,659.5
659.5,659.1
660.1,660.3
660.3,660.4
660.4,660.2
661.1,661.5
661.5,661.6
661.6,661.9
661.9,661.3
661.3,661.7
661.7,661.8
661.8,661.2
661.2,661.4
662.1,662.2
662.2,662.4
662.4,662.3
663.3,663.1
663.1,663.2
663.2,663.5
663.5,663.4
664.4,664.1
664.1,664.2
664.2,664.3
664.3,664.6
664.6,664.5
665.1,665.2
665.2,665.3
666.5,666.2
666.2,666.1
666.1,666.3
666.3,666.4
667.4,667.5
667.5,667.1
667.1,667.3
667.3,667.6
667.6,667.2
668.3,668.1
668.1,668.2
668.2,668.4
668.4,668.5
669.2,669.1
670.1,670.2
670.2,670.3
671.1,671.3
671.3,671.4
671.2,671.5
672.1,672.3
672.3,672.4
672.4,672.2
673.2,673.1
673.1,673.5
673.5,673.4
673.3,673.6
674.4,674.1
674.1,674.5
674.5,674.2
674.2,674.3
675.3,675.1
675.1,675.2
675.2,675.4
676.1,676.2
676.2,676.3
677.1,677.4
677.4,677.2
677.2,677.3
678.5,678.7
678.7,678.10
678.10,678.11
678.11,678.8
678.8,678.12
678.12,678.2
678.2,678.9
678.9,678.3
678.3,678.1
678.1,678.6
679.2,679.4
679.4,679.6
679.6,679.1
679.1,679.5
679.5,679.3
680.1,680.4
680.4,680.5
680.5,680.3
680.3,680.2
681.9,681.10
681.10,681.2
681.2,681.3
681.3,681.11
681.11,681.4
681.4,681.7
681.7,681.5
681.5,681.6
681.6,681.8
681.8,681.1
682.1,682.3
682.3,682.5
682.5,682.7
682.7,682.2
682.2,682.6
682.6,682.4
684.6,684.4
684.4,684.7
684.7,684.8
684.8,684.3
684.3,684.9
684.9,684.1
684.1,684.2
684.2,684.5
685.4,685.5
685.5,685.10
685.10,685.1
685.1,685.6
685.6,685.8
685.8,685.2
685.2,685.3
685.3,685.9
685.9,685.7
686.1,686.6
686.6,686.5
686.5,686.2
686.2,686.3
686.3,686.4
687.5,687.1
687.1,687.2
687.2,687.3
687.3,687.4
688.10,688.4
688.4,688.5
688.5,688.7
688.7,688.2
688.2,688.6
688.6,688.9
688.9,688.1
688.1,688.3
688.3,688.8
689.2,689.3
689.3,689.6
689.6,689.7
689.7,689.9
689.9,689.1
689.1,689.11
689.11,689.5
689.5,689.8
689.8,689.10
689.10,689.4
690.1,690.6
690.6,690.4
690.4,690.2
690.2,690.3
690.3,690.7
690.7,690.5
691.2,691.1
691.1,691.3
691.3,691.4
692.1,692.2
692.2,692.3
