RecID,IdTruth
1.1,1.1
1.2,1.1
2.1,2.1
2.2,2.1
2.3,2.1
2.4,2.1
2.5,2.1
2.6,2.1
2.7,2.1
2.8,2.1
2.9,2.1
2.10,2.1
2.11,2.1
2.12,2.1
2.13,2.1
2.14,2.1
2.15,2.1
3.1,3.1
3.2,3.1
3.3,3.1
3.4,3.1
3.5,3.1
3.6,3.1
3.7,3.1
3.8,3.1
3.9,3.1
3.10,3.1
3.11,3.1
4.1,4.1
4.2,4.1
4.3,4.1
5.1,5.1
6.1,6.1
6.2,6.1
6.3,6.1
7.1,7.1
7.2,7.1
7.3,7.1
7.4,7.1
8.1,8.1
8.2,8.1
8.3,8.1
8.4,8.1
9.1,9.1
9.2,9.1
9.3,9.1
9.4,9.1
9.5,9.1
9.6,9.1
9.7,9.1
9.8,9.1
9.9,9.1
9.10,9.1
9.11,9.1
9.12,9.1
10.1,10.1
10.2,10.1
11.1,11.1
11.2,11.1
11.3,11.1
11.4,11.1
11.5,11.1
11.6,11.1
11.7,11.1
12.1,12.1
12.2,12.1
12.3,12.1
12.4,12.1
12.5,12.1
13.1,13.1
13.2,13.1
14.1,14.1
14.2,14.1
14.3,14.1
14.4,14.1
14.5,14.1
14.6,14.1
14.7,14.1
14.8,14.1
14.9,14.1
14.10,14.1
15.1,15.1
15.2,15.1
16.1,16.1
16.2,16.1
16.3,16.1
16.4,16.1
17.1,17.1
17.2,17.1
17.3,17.1
17.4,17.1
17.5,17.1
17.6,17.1
18.1,18.1
18.2,18.1
18.3,18.1
18.4,18.1
18.5,18.1
18.6,18.1
18.7,18.1
18.8,18.1
18.9,18.1
18.10,18.1
19.1,19.1
19.2,19.1
19.3,19.1
19.4,19.1
19.5,19.1
19.6,19.1
20.1,20.1
20.2,20.1
20.3,20.1
20.4,20.1
20.5,20.1
20.6,20.1
20.7,20.1
20.8,20.1
20.9,20.1
21.1,21.1
21.2,21.1
21.3,21.1
21.4,21.1
21.5,21.1
22.1,22.1
22.2,22.1
22.3,22.1
22.4,22.1
22.5,22.1
23.1,23.1
23.2,23.1
23.3,23.1
23.4,23.1
23.5,23.1
23.6,23.1
24.1,24.1
24.2,24.1
24.3,24.1
24.4,24.1
24.5,24.1
24.6,24.1
24.7,24.1
24.8,24.1
24.9,24.1
25.1,25.1
25.2,25.1
25.3,25.1
25.4,25.1
25.5,25.1
25.6,25.1
25.7,25.1
25.8,25.1
26.1,26.1
26.2,26.1
26.3,26.1
26.4,26.1
26.5,26.1
26.6,26.1
27.1,27.1
27.2,27.1
27.3,27.1
27.4,27.1
27.5,27.1
27.6,27.1
27.7,27.1
28.1,28.1
28.2,28.1
28.3,28.1
28.4,28.1
29.1,29.1
30.1,30.1
30.2,30.1
30.3,30.1
30.4,30.1
30.5,30.1
30.6,30.1
30.7,30.1
31.1,31.1
31.2,31.1
31.3,31.1
32.1,32.1
32.2,32.1
32.3,32.1
33.1,33.1
33.2,33.1
33.3,33.1
33.4,33.1
34.1,34.1
34.2,34.1
34.3,34.1
34.4,34.1
35.1,35.1
35.2,35.1
35.3,35.1
35.4,35.1
35.5,35.1
35.6,35.1
35.7,35.1
35.8,35.1
36.1,36.1
36.2,36.1
36.3,36.1
36.4,36.1
37.1,37.1
37.2,37.1
37.3,37.1
37.4,37.1
37.5,37.1
37.6,37.1
37.7,37.1
37.8,37.1
38.1,38.1
38.2,38.1
38.3,38.1
38.4,38.1
38.5,38.1
38.6,38.1
39.1,39.1
39.2,39.1
40.1,40.1
40.2,40.1
40.3,40.1
40.4,40.1
41.1,41.1
41.2,41.1
41.3,41.1
41.4,41.1
41.5,41.1
42.1,42.1
42.2,42.1
42.3,42.1
42.4,42.1
42.5,42.1
42.6,42.1
42.7,42.1
42.8,42.1
42.9,42.1
43.1,43.1
43.2,43.1
43.3,43.1
43.4,43.1
43.5,43.1
43.6,43.1
43.7,43.1
43.8,43.1
44.1,44.1
44.2,44.1
45.1,45.1
45.2,45.1
45.3,45.1
45.4,45.1
46.1,46.1
46.2,46.1
46.3,46.1
46.4,46.1
46.5,46.1
47.1,47.1
47.2,47.1
47.3,47.1
47.4,47.1
47.5,47.1
47.6,47.1
47.7,47.1
47.8,47.1
47.9,47.1
47.10,47.1
48.1,48.1
48.2,48.1
48.3,48.1
49.1,49.1
49.2,49.1
49.3,49.1
50.1,50.1
50.2,50.1
50.3,50.1
50.4,50.1
50.5,50.1
50.6,50.1
51.1,51.1
51.2,51.1
51.3,51.1
51.4,51.1
51.5,51.1
51.6,51.1
51.7,51.1
51.8,51.1
52.1,52.1
52.2,52.1
52.3,52.1
52.4,52.1
53.1,53.1
53.2,53.1
53.3,53.1
53.4,53.1
53.5,53.1
54.1,54.1
54.2,54.1
54.3,54.1
54.4,54.1
54.5,54.1
55.1,55.1
55.2,55.1
55.3,55.1
55.4,55.1
55.5,55.1
56.1,56.1
56.2,56.1
56.3,56.1
56.4,56.1
56.5,56.1
56.6,56.1
56.7,56.1
56.8,56.1
56.9,56.1
56.10,56.1
57.1,57.1
57.2,57.1
58.1,58.1
58.2,58.1
59.1,59.1
59.2,59.1
59.3,59.1
59.4,59.1
59.5,59.1
59.6,59.1
59.7,59.1
60.1,60.1
60.2,60.1
60.3,60.1
60.4,60.1
61.1,61.1
61.2,61.1
61.3,61.1
61.4,61.1
62.1,62.1
62.2,62.1
62.3,62.1
62.4,62.1
62.5,62.1
62.6,62.1
62.7,62.1
62.8,62.1
62.9,62.1
62.10,62.1
62.11,62.1
62.12,62.1
62.13,62.1
63.1,63.1
63.2,63.1
63.3,63.1
63.4,63.1
64.1,64.1
64.2,64.1
64.3,64.1
64.4,64.1
65.1,65.1
65.2,65.1
65.3,65.1
65.4,65.1
65.5,65.1
65.6,65.1
65.7,65.1
65.8,65.1
66.1,66.1
66.2,66.1
66.3,66.1
66.4,66.1
66.5,66.1
66.6,66.1
66.7,66.1
66.8,66.1
66.9,66.1
66.10,66.1
67.1,67.1
67.2,67.1
67.3,67.1
67.4,67.1
67.5,67.1
67.6,67.1
67.7,67.1
68.1,68.1
68.2,68.1
68.3,68.1
68.4,68.1
68.5,68.1
68.6,68.1
68.7,68.1
68.8,68.1
68.9,68.1
68.10,68.1
68.11,68.1
69.1,69.1
69.2,69.1
69.3,69.1
69.4,69.1
69.5,69.1
69.6,69.1
70.1,70.1
70.2,70.1
70.3,70.1
70.4,70.1
70.5,70.1
70.6,70.1
70.7,70.1
70.8,70.1
70.9,70.1
70.10,70.1
70.11,70.1
71.1,71.1
71.2,71.1
71.3,71.1
71.4,71.1
71.5,71.1
71.6,71.1
71.7,71.1
71.8,71.1
71.9,71.1
71.10,71.1
71.11,71.1
71.12,71.1
71.13,71.1
71.14,71.1
71.15,71.1
71.16,71.1
72.1,72.1
72.2,72.1
72.3,72.1
72.4,72.1
72.5,72.1
72.6,72.1
72.7,72.1
72.8,72.1
72.9,72.1
72.10,72.1
72.11,72.1
73.1,73.1
73.2,73.1
73.3,73.1
73.4,73.1
73.5,73.1
73.6,73.1
73.7,73.1
73.8,73.1
73.9,73.1
73.10,73.1
73.11,73.1
73.12,73.1
73.13,73.1
73.14,73.1
73.15,73.1
73.16,73.1
73.17,73.1
73.18,73.1
74.1,74.1
74.2,74.1
74.3,74.1
74.4,74.1
74.5,74.1
74.6,74.1
74.7,74.1
74.8,74.1
74.9,74.1
75.1,75.1
75.2,75.1
75.3,75.1
75.4,75.1
75.5,75.1
75.6,75.1
75.7,75.1
76.1,76.1
76.2,76.1
76.3,76.1
76.4,76.1
76.5,76.1
76.6,76.1
76.7,76.1
76.8,76.1
76.9,76.1
76.10,76.1
76.11,76.1
76.12,76.1
76.13,76.1
76.14,76.1
77.1,77.1
77.2,77.1
77.3,77.1
77.4,77.1
77.5,77.1
77.6,77.1
77.7,77.1
77.8,77.1
77.9,77.1
78.1,78.1
78.2,78.1
78.3,78.1
78.4,78.1
78.5,78.1
78.6,78.1
78.7,78.1
78.8,78.1
78.9,78.1
78.10,78.1
78.11,78.1
78.12,78.1
78.13,78.1
78.14,78.1
78.15,78.1
78.16,78.1
78.17,78.1
79.1,79.1
79.2,79.1
79.3,79.1
79.4,79.1
79.5,79.1
79.6,79.1
79.7,79.1
79.8,79.1
79.9,79.1
79.10,79.1
79.11,79.1
79.12,79.1
80.1,80.1
80.2,80.1
80.3,80.1
80.4,80.1
80.5,80.1
80.6,80.1
80.7,80.1
80.8,80.1
80.9,80.1
80.10,80.1
80.11,80.1
81.1,81.1
81.2,81.1
81.3,81.1
81.4,81.1
81.5,81.1
81.6,81.1
81.7,81.1
81.8,81.1
81.9,81.1
81.10,81.1
81.11,81.1
81.12,81.1
81.13,81.1
81.14,81.1
81.15,81.1
81.16,81.1
81.17,81.1
81.18,81.1
82.1,82.1
82.2,82.1
82.3,82.1
82.4,82.1
82.5,82.1
82.6,82.1
82.7,82.1
82.8,82.1
82.9,82.1
82.10,82.1
83.1,83.1
83.2,83.1
83.3,83.1
83.4,83.1
83.5,83.1
83.6,83.1
83.7,83.1
83.8,83.1
83.9,83.1
83.10,83.1
83.11,83.1
83.12,83.1
83.13,83.1
83.14,83.1
83.15,83.1
83.16,83.1
83.17,83.1
83.18,83.1
83.19,83.1
83.20,83.1
83.21,83.1
83.22,83.1
84.1,84.1
84.2,84.1
84.3,84.1
84.4,84.1
84.5,84.1
84.6,84.1
84.7,84.1
84.8,84.1
84.9,84.1
85.1,85.1
85.2,85.1
85.3,85.1
85.4,85.1
85.5,85.1
85.6,85.1
85.7,85.1
85.8,85.1
85.9,85.1
86.1,86.1
86.2,86.1
86.3,86.1
86.4,86.1
86.5,86.1
86.6,86.1
86.7,86.1
86.8,86.1
86.9,86.1
87.1,87.1
87.2,87.1
87.3,87.1
88.1,88.1
88.2,88.1
88.3,88.1
88.4,88.1
88.5,88.1
88.6,88.1
88.7,88.1
89.1,89.1
89.2,89.1
89.3,89.1
89.4,89.1
89.5,89.1
89.6,89.1
89.7,89.1
89.8,89.1
89.9,89.1
89.10,89.1
90.1,90.1
90.2,90.1
90.3,90.1
90.4,90.1
90.5,90.1
90.6,90.1
90.7,90.1
91.1,91.1
91.2,91.1
91.3,91.1
91.4,91.1
92.1,92.1
92.2,92.1
92.3,92.1
92.4,92.1
92.5,92.1
92.6,92.1
92.7,92.1
92.8,92.1
92.9,92.1
92.10,92.1
92.11,92.1
92.12,92.1
92.13,92.1
92.14,92.1
92.15,92.1
92.16,92.1
92.17,92.1
93.1,93.1
93.2,93.1
93.3,93.1
93.4,93.1
93.5,93.1
94.1,94.1
94.2,94.1
94.3,94.1
94.4,94.1
94.5,94.1
94.6,94.1
94.7,94.1
94.8,94.1
94.9,94.1
94.10,94.1
94.11,94.1
94.12,94.1
94.13,94.1
94.14,94.1
95.1,95.1
95.2,95.1
95.3,95.1
95.4,95.1
95.5,95.1
95.6,95.1
95.7,95.1
95.8,95.1
95.9,95.1
95.10,95.1
95.11,95.1
96.1,96.1
96.2,96.1
96.3,96.1
96.4,96.1
96.5,96.1
96.6,96.1
96.7,96.1
96.8,96.1
96.9,96.1
96.10,96.1
96.11,96.1
96.12,96.1
97.1,97.1
97.2,97.1
97.3,97.1
97.4,97.1
97.5,97.1
97.6,97.1
97.7,97.1
97.8,97.1
97.9,97.1
97.10,97.1
98.1,98.1
98.2,98.1
98.3,98.1
98.4,98.1
98.5,98.1
98.6,98.1
98.7,98.1
98.8,98.1
98.9,98.1
98.10,98.1
98.11,98.1
98.12,98.1
98.13,98.1
98.14,98.1
98.15,98.1
98.16,98.1
99.1,99.1
99.2,99.1
99.3,99.1
99.4,99.1
99.5,99.1
99.6,99.1
99.7,99.1
99.8,99.1
99.9,99.1
99.10,99.1
99.11,99.1
99.12,99.1
99.13,99.1
99.14,99.1
99.15,99.1
99.16,99.1
99.17,99.1
99.18,99.1
100.1,100.1
100.2,100.1
100.3,100.1
100.4,100.1
100.5,100.1
100.6,100.1
100.7,100.1
100.8,100.1
100.9,100.1
100.10,100.1
100.11,100.1
100.12,100.1
100.13,100.1
100.14,100.1
100.15,100.1
100.16,100.1
100.17,100.1
101.1,101.1
101.2,101.1
101.3,101.1
101.4,101.1
101.5,101.1
101.6,101.1
101.7,101.1
101.8,101.1
101.9,101.1
102.1,102.1
102.2,102.1
102.3,102.1
102.4,102.1
102.5,102.1
102.6,102.1
102.7,102.1
102.8,102.1
102.9,102.1
102.10,102.1
102.11,102.1
102.12,102.1
102.13,102.1
102.14,102.1
102.15,102.1
103.1,103.1
103.2,103.1
103.3,103.1
103.4,103.1
103.5,103.1
103.6,103.1
103.7,103.1
103.8,103.1
104.1,104.1
104.2,104.1
104.3,104.1
104.4,104.1
104.5,104.1
104.6,104.1
104.7,104.1
104.8,104.1
104.9,104.1
104.10,104.1
104.11,104.1
104.12,104.1
104.13,104.1
104.14,104.1
104.15,104.1
104.16,104.1
104.17,104.1
104.18,104.1
105.1,105.1
105.2,105.1
105.3,105.1
105.4,105.1
105.5,105.1
105.6,105.1
105.7,105.1
105.8,105.1
105.9,105.1
105.10,105.1
105.11,105.1
106.1,106.1
106.2,106.1
106.3,106.1
106.4,106.1
106.5,106.1
107.1,107.1
107.2,107.1
107.3,107.1
107.4,107.1
107.5,107.1
107.6,107.1
108.1,108.1
108.2,108.1
108.3,108.1
108.4,108.1
108.5,108.1
108.6,108.1
108.7,108.1
108.8,108.1
108.9,108.1
108.10,108.1
108.11,108.1
108.12,108.1
108.13,108.1
108.14,108.1
109.1,109.1
109.2,109.1
109.3,109.1
109.4,109.1
109.5,109.1
109.6,109.1
109.7,109.1
109.8,109.1
109.9,109.1
109.10,109.1
109.11,109.1
109.12,109.1
109.13,109.1
109.14,109.1
110.1,110.1
110.2,110.1
110.3,110.1
110.4,110.1
110.5,110.1
110.6,110.1
110.7,110.1
110.8,110.1
110.9,110.1
110.10,110.1
110.11,110.1
110.12,110.1
110.13,110.1
110.14,110.1
110.15,110.1
111.1,111.1
111.2,111.1
111.3,111.1
111.4,111.1
112.1,112.1
112.2,112.1
112.3,112.1
112.4,112.1
112.5,112.1
112.6,112.1
112.7,112.1
112.8,112.1
112.9,112.1
112.10,112.1
112.11,112.1
112.12,112.1
112.13,112.1
112.14,112.1
112.15,112.1
112.16,112.1
113.1,113.1
113.2,113.1
113.3,113.1
113.4,113.1
113.5,113.1
113.6,113.1
113.7,113.1
113.8,113.1
113.9,113.1
113.10,113.1
113.11,113.1
113.12,113.1
113.13,113.1
113.14,113.1
114.1,114.1
114.2,114.1
114.3,114.1
114.4,114.1
114.5,114.1
114.6,114.1
114.7,114.1
115.1,115.1
115.2,115.1
115.3,115.1
115.4,115.1
115.5,115.1
115.6,115.1
115.7,115.1
115.8,115.1
115.9,115.1
115.10,115.1
116.1,116.1
116.2,116.1
116.3,116.1
116.4,116.1
116.5,116.1
116.6,116.1
116.7,116.1
117.1,117.1
117.2,117.1
117.3,117.1
117.4,117.1
117.5,117.1
117.6,117.1
117.7,117.1
117.8,117.1
117.9,117.1
117.10,117.1
117.11,117.1
117.12,117.1
117.13,117.1
117.14,117.1
117.15,117.1
117.16,117.1
117.17,117.1
117.18,117.1
118.1,118.1
118.2,118.1
118.3,118.1
118.4,118.1
118.5,118.1
118.6,118.1
118.7,118.1
119.1,119.1
119.2,119.1
119.3,119.1
119.4,119.1
119.5,119.1
119.6,119.1
119.7,119.1
119.8,119.1
119.9,119.1
119.10,119.1
119.11,119.1
119.12,119.1
119.13,119.1
119.14,119.1
119.15,119.1
119.16,119.1
119.17,119.1
120.1,120.1
120.2,120.1
120.3,120.1
120.4,120.1
120.5,120.1
120.6,120.1
121.1,121.1
121.2,121.1
121.3,121.1
122.1,122.1
122.2,122.1
122.3,122.1
122.4,122.1
122.5,122.1
122.6,122.1
122.7,122.1
122.8,122.1
122.9,122.1
122.10,122.1
122.11,122.1
122.12,122.1
122.13,122.1
122.14,122.1
122.15,122.1
123.1,123.1
123.2,123.1
123.3,123.1
123.4,123.1
123.5,123.1
123.6,123.1
123.7,123.1
123.8,123.1
123.9,123.1
123.10,123.1
123.11,123.1
124.1,124.1
124.2,124.1
124.3,124.1
124.4,124.1
124.5,124.1
124.6,124.1
124.7,124.1
124.8,124.1
124.9,124.1
124.10,124.1
124.11,124.1
124.12,124.1
124.13,124.1
125.1,125.1
125.2,125.1
125.3,125.1
125.4,125.1
125.5,125.1
125.6,125.1
125.7,125.1
125.8,125.1
126.1,126.1
126.2,126.1
126.3,126.1
126.4,126.1
126.5,126.1
126.6,126.1
126.7,126.1
126.8,126.1
126.9,126.1
127.1,127.1
127.2,127.1
127.3,127.1
127.4,127.1
127.5,127.1
127.6,127.1
128.1,128.1
128.2,128.1
128.3,128.1
128.4,128.1
128.5,128.1
128.6,128.1
129.1,129.1
129.2,129.1
129.3,129.1
129.4,129.1
129.5,129.1
129.6,129.1
130.1,130.1
130.2,130.1
130.3,130.1
130.4,130.1
130.5,130.1
130.6,130.1
130.7,130.1
131.1,131.1
131.2,131.1
131.3,131.1
131.4,131.1
131.5,131.1
131.6,131.1
131.7,131.1
131.8,131.1
131.9,131.1
131.10,131.1
131.11,131.1
131.12,131.1
131.13,131.1
131.14,131.1
132.1,132.1
132.2,132.1
132.3,132.1
132.4,132.1
132.5,132.1
132.6,132.1
132.7,132.1
133.1,133.1
133.2,133.1
133.3,133.1
133.4,133.1
133.5,133.1
133.6,133.1
134.1,134.1
134.2,134.1
134.3,134.1
134.4,134.1
134.5,134.1
134.6,134.1
134.7,134.1
134.8,134.1
134.9,134.1
134.10,134.1
134.11,134.1
134.12,134.1
134.13,134.1
134.14,134.1
134.15,134.1
134.16,134.1
135.1,135.1
135.2,135.1
135.3,135.1
135.4,135.1
135.5,135.1
135.6,135.1
135.7,135.1
135.8,135.1
135.9,135.1
136.1,136.1
136.2,136.1
136.3,136.1
136.4,136.1
136.5,136.1
136.6,136.1
136.7,136.1
136.8,136.1
136.9,136.1
136.10,136.1
137.1,137.1
137.2,137.1
137.3,137.1
137.4,137.1
137.5,137.1
137.6,137.1
137.7,137.1
137.8,137.1
137.9,137.1
137.10,137.1
137.11,137.1
137.12,137.1
137.13,137.1
137.14,137.1
138.1,138.1
138.2,138.1
138.3,138.1
138.4,138.1
138.5,138.1
138.6,138.1
138.7,138.1
139.1,139.1
139.2,139.1
140.1,140.1
141.1,141.1
141.2,141.1
141.3,141.1
141.4,141.1
141.5,141.1
141.6,141.1
141.7,141.1
141.8,141.1
141.9,141.1
141.10,141.1
141.11,141.1
141.12,141.1
141.13,141.1
142.1,142.1
142.2,142.1
142.3,142.1
142.4,142.1
142.5,142.1
142.6,142.1
143.1,143.1
143.2,143.1
143.3,143.1
144.1,144.1
144.2,144.1
144.3,144.1
144.4,144.1
144.5,144.1
144.6,144.1
144.7,144.1
144.8,144.1
144.9,144.1
144.10,144.1
144.11,144.1
144.12,144.1
144.13,144.1
144.14,144.1
144.15,144.1
144.16,144.1
144.17,144.1
144.18,144.1
144.19,144.1
144.20,144.1
145.1,145.1
145.2,145.1
145.3,145.1
145.4,145.1
145.5,145.1
145.6,145.1
145.7,145.1
145.8,145.1
145.9,145.1
145.10,145.1
146.1,146.1
146.2,146.1
146.3,146.1
146.4,146.1
146.5,146.1
146.6,146.1
146.7,146.1
146.8,146.1
146.9,146.1
147.1,147.1
147.2,147.1
147.3,147.1
148.1,148.1
148.2,148.1
148.3,148.1
148.4,148.1
148.5,148.1
148.6,148.1
149.1,149.1
149.2,149.1
149.3,149.1
149.4,149.1
149.5,149.1
149.6,149.1
149.7,149.1
150.1,150.1
150.2,150.1
150.3,150.1
150.4,150.1
150.5,150.1
150.6,150.1
150.7,150.1
150.8,150.1
150.9,150.1
150.10,150.1
151.1,151.1
151.2,151.1
151.3,151.1
151.4,151.1
151.5,151.1
151.6,151.1
151.7,151.1
151.8,151.1
152.1,152.1
152.2,152.1
152.3,152.1
152.4,152.1
152.5,152.1
152.6,152.1
152.7,152.1
152.8,152.1
152.9,152.1
152.10,152.1
152.11,152.1
152.12,152.1
152.13,152.1
152.14,152.1
152.15,152.1
153.1,153.1
153.2,153.1
153.3,153.1
153.4,153.1
154.1,154.1
154.2,154.1
154.3,154.1
154.4,154.1
154.5,154.1
154.6,154.1
154.7,154.1
155.1,155.1
155.2,155.1
155.3,155.1
155.4,155.1
155.5,155.1
155.6,155.1
155.7,155.1
155.8,155.1
155.9,155.1
155.10,155.1
155.11,155.1
155.12,155.1
155.13,155.1
155.14,155.1
155.15,155.1
155.16,155.1
155.17,155.1
156.1,156.1
156.2,156.1
156.3,156.1
157.1,157.1
157.2,157.1
157.3,157.1
157.4,157.1
157.5,157.1
157.6,157.1
157.7,157.1
157.8,157.1
157.9,157.1
157.10,157.1
157.11,157.1
157.12,157.1
158.1,158.1
158.2,158.1
159.1,159.1
159.2,159.1
159.3,159.1
159.4,159.1
159.5,159.1
159.6,159.1
159.7,159.1
159.8,159.1
160.1,160.1
160.2,160.1
160.3,160.1
160.4,160.1
160.5,160.1
160.6,160.1
160.7,160.1
160.8,160.1
160.9,160.1
161.1,161.1
161.2,161.1
161.3,161.1
161.4,161.1
161.5,161.1
161.6,161.1
161.7,161.1
161.8,161.1
161.9,161.1
161.10,161.1
162.1,162.1
162.2,162.1
162.3,162.1
162.4,162.1
162.5,162.1
162.6,162.1
162.7,162.1
162.8,162.1
162.9,162.1
162.10,162.1
162.11,162.1
162.12,162.1
162.13,162.1
162.14,162.1
162.15,162.1
162.16,162.1
162.17,162.1
163.1,163.1
163.2,163.1
163.3,163.1
163.4,163.1
163.5,163.1
163.6,163.1
163.7,163.1
163.8,163.1
163.9,163.1
163.10,163.1
163.11,163.1
163.12,163.1
163.13,163.1
163.14,163.1
163.15,163.1
163.16,163.1
163.17,163.1
164.1,164.1
164.2,164.1
164.3,164.1
164.4,164.1
164.5,164.1
164.6,164.1
164.7,164.1
164.8,164.1
164.9,164.1
164.10,164.1
164.11,164.1
164.12,164.1
164.13,164.1
164.14,164.1
164.15,164.1
164.16,164.1
164.17,164.1
164.18,164.1
165.1,165.1
165.2,165.1
165.3,165.1
165.4,165.1
165.5,165.1
165.6,165.1
165.7,165.1
166.1,166.1
166.2,166.1
166.3,166.1
166.4,166.1
166.5,166.1
166.6,166.1
166.7,166.1
166.8,166.1
166.9,166.1
166.10,166.1
167.1,167.1
167.2,167.1
167.3,167.1
167.4,167.1
167.5,167.1
167.6,167.1
167.7,167.1
167.8,167.1
168.1,168.1
168.2,168.1
168.3,168.1
168.4,168.1
168.5,168.1
168.6,168.1
168.7,168.1
168.8,168.1
168.9,168.1
168.10,168.1
168.11,168.1
168.12,168.1
168.13,168.1
168.14,168.1
168.15,168.1
168.16,168.1
168.17,168.1
168.18,168.1
168.19,168.1
168.20,168.1
169.1,169.1
169.2,169.1
169.3,169.1
169.4,169.1
169.5,169.1
169.6,169.1
169.7,169.1
169.8,169.1
169.9,169.1
169.10,169.1
169.11,169.1
169.12,169.1
169.13,169.1
170.1,170.1
170.2,170.1
170.3,170.1
170.4,170.1
170.5,170.1
170.6,170.1
170.7,170.1
170.8,170.1
170.9,170.1
170.10,170.1
170.11,170.1
171.1,171.1
171.2,171.1
171.3,171.1
171.4,171.1
171.5,171.1
172.1,172.1
172.2,172.1
172.3,172.1
172.4,172.1
172.5,172.1
172.6,172.1
172.7,172.1
172.8,172.1
172.9,172.1
172.10,172.1
172.11,172.1
172.12,172.1
172.13,172.1
172.14,172.1
172.15,172.1
172.16,172.1
173.1,173.1
173.2,173.1
173.3,173.1
173.4,173.1
173.5,173.1
174.1,174.1
174.2,174.1
174.3,174.1
174.4,174.1
174.5,174.1
174.6,174.1
174.7,174.1
174.8,174.1
174.9,174.1
174.10,174.1
174.11,174.1
174.12,174.1
174.13,174.1
174.14,174.1
174.15,174.1
175.1,175.1
175.2,175.1
176.1,176.1
176.2,176.1
176.3,176.1
176.4,176.1
176.5,176.1
176.6,176.1
176.7,176.1
176.8,176.1
176.9,176.1
176.10,176.1
176.11,176.1
176.12,176.1
176.13,176.1
177.1,177.1
177.2,177.1
177.3,177.1
177.4,177.1
177.5,177.1
177.6,177.1
177.7,177.1
177.8,177.1
178.1,178.1
178.2,178.1
178.3,178.1
178.4,178.1
178.5,178.1
178.6,178.1
178.7,178.1
178.8,178.1
178.9,178.1
178.10,178.1
178.11,178.1
178.12,178.1
178.13,178.1
179.1,179.1
179.2,179.1
179.3,179.1
179.4,179.1
179.5,179.1
179.6,179.1
179.7,179.1
179.8,179.1
179.9,179.1
179.10,179.1
179.11,179.1
180.1,180.1
180.2,180.1
180.3,180.1
180.4,180.1
180.5,180.1
180.6,180.1
180.7,180.1
180.8,180.1
180.9,180.1
180.10,180.1
180.11,180.1
180.12,180.1
180.13,180.1
180.14,180.1
181.1,181.1
182.1,182.1
182.2,182.1
182.3,182.1
182.4,182.1
182.5,182.1
182.6,182.1
183.1,183.1
183.2,183.1
183.3,183.1
183.4,183.1
184.1,184.1
184.2,184.1
184.3,184.1
184.4,184.1
184.5,184.1
184.6,184.1
184.7,184.1
184.8,184.1
184.9,184.1
184.10,184.1
184.11,184.1
184.12,184.1
184.13,184.1
185.1,185.1
185.2,185.1
185.3,185.1
185.4,185.1
185.5,185.1
185.6,185.1
185.7,185.1
185.8,185.1
185.9,185.1
185.10,185.1
185.11,185.1
186.1,186.1
186.2,186.1
186.3,186.1
186.4,186.1
186.5,186.1
186.6,186.1
186.7,186.1
186.8,186.1
186.9,186.1
186.10,186.1
187.1,187.1
187.2,187.1
187.3,187.1
187.4,187.1
187.5,187.1
188.1,188.1
188.2,188.1
188.3,188.1
189.1,189.1
189.2,189.1
189.3,189.1
189.4,189.1
189.5,189.1
189.6,189.1
190.1,190.1
190.2,190.1
190.3,190.1
190.4,190.1
190.5,190.1
190.6,190.1
190.7,190.1
191.1,191.1
191.2,191.1
191.3,191.1
191.4,191.1
191.5,191.1
191.6,191.1
191.7,191.1
191.8,191.1
191.9,191.1
191.10,191.1
192.1,192.1
192.2,192.1
192.3,192.1
192.4,192.1
192.5,192.1
192.6,192.1
192.7,192.1
192.8,192.1
192.9,192.1
192.10,192.1
192.11,192.1
192.12,192.1
192.13,192.1
193.1,193.1
193.2,193.1
193.3,193.1
193.4,193.1
193.5,193.1
193.6,193.1
193.7,193.1
193.8,193.1
193.9,193.1
193.10,193.1
193.11,193.1
193.12,193.1
193.13,193.1
194.1,194.1
194.2,194.1
194.3,194.1
194.4,194.1
194.5,194.1
194.6,194.1
194.7,194.1
194.8,194.1
194.9,194.1
194.10,194.1
194.11,194.1
194.12,194.1
195.1,195.1
195.2,195.1
195.3,195.1
195.4,195.1
195.5,195.1
195.6,195.1
195.7,195.1
195.8,195.1
195.9,195.1
195.10,195.1
195.11,195.1
195.12,195.1
195.13,195.1
195.14,195.1
195.15,195.1
195.16,195.1
195.17,195.1
195.18,195.1
195.19,195.1
196.1,196.1
196.2,196.1
196.3,196.1
196.4,196.1
196.5,196.1
196.6,196.1
196.7,196.1
197.1,197.1
197.2,197.1
197.3,197.1
197.4,197.1
197.5,197.1
197.6,197.1
197.7,197.1
197.8,197.1
197.9,197.1
197.10,197.1
198.1,198.1
198.2,198.1
198.3,198.1
198.4,198.1
198.5,198.1
198.6,198.1
198.7,198.1
199.1,199.1
199.2,199.1
199.3,199.1
199.4,199.1
199.5,199.1
199.6,199.1
199.7,199.1
199.8,199.1
199.9,199.1
199.10,199.1
199.11,199.1
199.12,199.1
199.13,199.1
199.14,199.1
199.15,199.1
199.16,199.1
199.17,199.1
199.18,199.1
199.19,199.1
200.1,200.1
200.2,200.1
200.3,200.1
200.4,200.1
200.5,200.1
201.1,201.1
201.2,201.1
201.3,201.1
201.4,201.1
201.5,201.1
201.6,201.1
201.7,201.1
201.8,201.1
201.9,201.1
201.10,201.1
201.11,201.1
201.12,201.1
201.13,201.1
201.14,201.1
201.15,201.1
202.1,202.1
202.2,202.1
202.3,202.1
202.4,202.1
202.5,202.1
202.6,202.1
202.7,202.1
202.8,202.1
202.9,202.1
202.10,202.1
202.11,202.1
202.12,202.1
202.13,202.1
202.14,202.1
202.15,202.1
202.16,202.1
202.17,202.1
202.18,202.1
202.19,202.1
202.20,202.1
202.21,202.1
202.22,202.1
202.23,202.1
202.24,202.1
202.25,202.1
202.26,202.1
202.27,202.1
202.28,202.1
202.29,202.1
202.30,202.1
202.31,202.1
202.32,202.1
202.33,202.1
202.34,202.1
202.35,202.1
203.1,203.1
203.2,203.1
203.3,203.1
203.4,203.1
203.5,203.1
203.6,203.1
204.1,204.1
204.2,204.1
204.3,204.1
204.4,204.1
205.1,205.1
205.2,205.1
206.1,206.1
206.2,206.1
206.3,206.1
206.4,206.1
206.5,206.1
206.6,206.1
206.7,206.1
206.8,206.1
206.9,206.1
206.10,206.1
207.1,207.1
207.2,207.1
207.3,207.1
207.4,207.1
207.5,207.1
207.6,207.1
207.7,207.1
207.8,207.1
207.9,207.1
207.10,207.1
207.11,207.1
207.12,207.1
207.13,207.1
207.14,207.1
208.1,208.1
208.2,208.1
208.3,208.1
208.4,208.1
208.5,208.1
208.6,208.1
208.7,208.1
209.1,209.1
209.2,209.1
209.3,209.1
209.4,209.1
209.5,209.1
210.1,210.1
210.2,210.1
210.3,210.1
210.4,210.1
210.5,210.1
210.6,210.1
210.7,210.1
210.8,210.1
211.1,211.1
211.2,211.1
211.3,211.1
212.1,212.1
212.2,212.1
212.3,212.1
212.4,212.1
212.5,212.1
212.6,212.1
212.7,212.1
212.8,212.1
212.9,212.1
212.10,212.1
212.11,212.1
212.12,212.1
212.13,212.1
212.14,212.1
212.15,212.1
212.16,212.1
212.17,212.1
213.1,213.1
213.2,213.1
213.3,213.1
213.4,213.1
213.5,213.1
213.6,213.1
213.7,213.1
213.8,213.1
213.9,213.1
213.10,213.1
213.11,213.1
213.12,213.1
213.13,213.1
213.14,213.1
213.15,213.1
213.16,213.1
213.17,213.1
214.1,214.1
214.2,214.1
214.3,214.1
214.4,214.1
214.5,214.1
214.6,214.1
214.7,214.1
214.8,214.1
214.9,214.1
214.10,214.1
214.11,214.1
214.12,214.1
214.13,214.1
214.14,214.1
215.1,215.1
215.2,215.1
215.3,215.1
215.4,215.1
215.5,215.1
215.6,215.1
215.7,215.1
215.8,215.1
215.9,215.1
216.1,216.1
216.2,216.1
216.3,216.1
216.4,216.1
216.5,216.1
217.1,217.1
217.2,217.1
217.3,217.1
217.4,217.1
217.5,217.1
217.6,217.1
218.1,218.1
218.2,218.1
218.3,218.1
218.4,218.1
218.5,218.1
218.6,218.1
218.7,218.1
219.1,219.1
219.2,219.1
219.3,219.1
219.4,219.1
219.5,219.1
219.6,219.1
219.7,219.1
220.1,220.1
220.2,220.1
220.3,220.1
220.4,220.1
220.5,220.1
220.6,220.1
220.7,220.1
220.8,220.1
220.9,220.1
220.10,220.1
221.1,221.1
221.2,221.1
221.3,221.1
221.4,221.1
221.5,221.1
221.6,221.1
221.7,221.1
221.8,221.1
221.9,221.1
222.1,222.1
222.2,222.1
222.3,222.1
222.4,222.1
222.5,222.1
222.6,222.1
222.7,222.1
222.8,222.1
222.9,222.1
223.1,223.1
223.2,223.1
223.3,223.1
223.4,223.1
223.5,223.1
223.6,223.1
223.7,223.1
223.8,223.1
223.9,223.1
223.10,223.1
223.11,223.1
223.12,223.1
224.1,224.1
224.2,224.1
224.3,224.1
224.4,224.1
224.5,224.1
224.6,224.1
224.7,224.1
224.8,224.1
225.1,225.1
225.2,225.1
225.3,225.1
225.4,225.1
225.5,225.1
226.1,226.1
226.2,226.1
226.3,226.1
226.4,226.1
226.5,226.1
226.6,226.1
226.7,226.1
226.8,226.1
227.1,227.1
227.2,227.1
227.3,227.1
227.4,227.1
227.5,227.1
227.6,227.1
227.7,227.1
227.8,227.1
227.9,227.1
227.10,227.1
227.11,227.1
227.12,227.1
228.1,228.1
228.2,228.1
228.3,228.1
228.4,228.1
228.5,228.1
228.6,228.1
228.7,228.1
228.8,228.1
228.9,228.1
229.1,229.1
229.2,229.1
229.3,229.1
229.4,229.1
229.5,229.1
229.6,229.1
229.7,229.1
229.8,229.1
229.9,229.1
230.1,230.1
230.2,230.1
230.3,230.1
230.4,230.1
230.5,230.1
230.6,230.1
230.7,230.1
230.8,230.1
230.9,230.1
231.1,231.1
231.2,231.1
231.3,231.1
232.1,232.1
232.2,232.1
232.3,232.1
232.4,232.1
232.5,232.1
232.6,232.1
232.7,232.1
232.8,232.1
232.9,232.1
232.10,232.1
232.11,232.1
232.12,232.1
232.13,232.1
233.1,233.1
233.2,233.1
233.3,233.1
233.4,233.1
233.5,233.1
233.6,233.1
233.7,233.1
233.8,233.1
233.9,233.1
233.10,233.1
233.11,233.1
233.12,233.1
233.13,233.1
233.14,233.1
234.1,234.1
234.2,234.1
234.3,234.1
234.4,234.1
235.1,235.1
235.2,235.1
235.3,235.1
235.4,235.1
235.5,235.1
235.6,235.1
235.7,235.1
235.8,235.1
235.9,235.1
235.10,235.1
235.11,235.1
236.1,236.1
236.2,236.1
236.3,236.1
236.4,236.1
237.1,237.1
237.2,237.1
237.3,237.1
237.4,237.1
237.5,237.1
237.6,237.1
237.7,237.1
237.8,237.1
237.9,237.1
237.10,237.1
238.1,238.1
238.2,238.1
238.3,238.1
238.4,238.1
238.5,238.1
238.6,238.1
238.7,238.1
238.8,238.1
238.9,238.1
238.10,238.1
238.11,238.1
238.12,238.1
238.13,238.1
238.14,238.1
238.15,238.1
238.16,238.1
239.1,239.1
239.2,239.1
239.3,239.1
239.4,239.1
239.5,239.1
239.6,239.1
239.7,239.1
239.8,239.1
239.9,239.1
239.10,239.1
240.1,240.1
240.2,240.1
240.3,240.1
240.4,240.1
240.5,240.1
240.6,240.1
240.7,240.1
240.8,240.1
240.9,240.1
240.10,240.1
241.1,241.1
241.2,241.1
241.3,241.1
241.4,241.1
241.5,241.1
242.1,242.1
242.2,242.1
242.3,242.1
242.4,242.1
243.1,243.1
243.2,243.1
243.3,243.1
243.4,243.1
243.5,243.1
243.6,243.1
243.7,243.1
243.8,243.1
243.9,243.1
243.10,243.1
244.1,244.1
244.2,244.1
244.3,244.1
244.4,244.1
244.5,244.1
244.6,244.1
244.7,244.1
245.1,245.1
245.2,245.1
245.3,245.1
245.4,245.1
245.5,245.1
245.6,245.1
245.7,245.1
245.8,245.1
246.1,246.1
246.2,246.1
246.3,246.1
247.1,247.1
247.2,247.1
247.3,247.1
247.4,247.1
247.5,247.1
247.6,247.1
247.7,247.1
247.8,247.1
247.9,247.1
247.10,247.1
247.11,247.1
247.12,247.1
247.13,247.1
247.14,247.1
247.15,247.1
247.16,247.1
247.17,247.1
247.18,247.1
247.19,247.1
248.1,248.1
248.2,248.1
248.3,248.1
248.4,248.1
248.5,248.1
248.6,248.1
248.7,248.1
248.8,248.1
248.9,248.1
248.10,248.1
248.11,248.1
248.12,248.1
248.13,248.1
248.14,248.1
248.15,248.1
248.16,248.1
248.17,248.1
248.18,248.1
248.19,248.1
249.1,249.1
249.2,249.1
249.3,249.1
249.4,249.1
249.5,249.1
249.6,249.1
250.1,250.1
250.2,250.1
250.3,250.1
250.4,250.1
250.5,250.1
250.6,250.1
250.7,250.1
250.8,250.1
251.1,251.1
251.2,251.1
251.3,251.1
251.4,251.1
251.5,251.1
251.6,251.1
251.7,251.1
251.8,251.1
252.1,252.1
252.2,252.1
252.3,252.1
252.4,252.1
252.5,252.1
252.6,252.1
252.7,252.1
252.8,252.1
253.1,253.1
253.2,253.1
253.3,253.1
254.1,254.1
254.2,254.1
254.3,254.1
254.4,254.1
254.5,254.1
254.6,254.1
254.7,254.1
255.1,255.1
255.2,255.1
255.3,255.1
255.4,255.1
255.5,255.1
255.6,255.1
255.7,255.1
256.1,256.1
256.2,256.1
256.3,256.1
256.4,256.1
257.1,257.1
257.2,257.1
257.3,257.1
257.4,257.1
257.5,257.1
257.6,257.1
257.7,257.1
257.8,257.1
257.9,257.1
258.1,258.1
258.2,258.1
258.3,258.1
258.4,258.1
258.5,258.1
258.6,258.1
258.7,258.1
258.8,258.1
258.9,258.1
258.10,258.1
258.11,258.1
258.12,258.1
258.13,258.1
258.14,258.1
258.15,258.1
259.1,259.1
259.2,259.1
259.3,259.1
259.4,259.1
259.5,259.1
259.6,259.1
259.7,259.1
259.8,259.1
259.9,259.1
260.1,260.1
260.2,260.1
260.3,260.1
260.4,260.1
260.5,260.1
260.6,260.1
260.7,260.1
260.8,260.1
260.9,260.1
260.10,260.1
260.11,260.1
260.12,260.1
261.1,261.1
261.2,261.1
261.3,261.1
261.4,261.1
261.5,261.1
261.6,261.1
261.7,261.1
261.8,261.1
261.9,261.1
261.10,261.1
261.11,261.1
262.1,262.1
262.2,262.1
262.3,262.1
262.4,262.1
262.5,262.1
262.6,262.1
262.7,262.1
262.8,262.1
262.9,262.1
262.10,262.1
262.11,262.1
263.1,263.1
263.2,263.1
263.3,263.1
263.4,263.1
263.5,263.1
263.6,263.1
263.7,263.1
263.8,263.1
264.1,264.1
264.2,264.1
264.3,264.1
264.4,264.1
264.5,264.1
264.6,264.1
264.7,264.1
264.8,264.1
265.1,265.1
265.2,265.1
265.3,265.1
265.4,265.1
265.5,265.1
265.6,265.1
265.7,265.1
265.8,265.1
266.1,266.1
266.2,266.1
266.3,266.1
266.4,266.1
266.5,266.1
266.6,266.1
266.7,266.1
266.8,266.1
267.1,267.1
267.2,267.1
267.3,267.1
267.4,267.1
268.1,268.1
268.2,268.1
268.3,268.1
268.4,268.1
268.5,268.1
268.6,268.1
268.7,268.1
268.8,268.1
268.9,268.1
268.10,268.1
268.11,268.1
268.12,268.1
268.13,268.1
268.14,268.1
268.15,268.1
268.16,268.1
268.17,268.1
268.18,268.1
268.19,268.1
268.20,268.1
268.21,268.1
269.1,269.1
269.2,269.1
269.3,269.1
269.4,269.1
269.5,269.1
269.6,269.1
269.7,269.1
269.8,269.1
269.9,269.1
269.10,269.1
270.1,270.1
270.2,270.1
270.3,270.1
270.4,270.1
270.5,270.1
270.6,270.1
270.7,270.1
270.8,270.1
270.9,270.1
270.10,270.1
270.11,270.1
270.12,270.1
270.13,270.1
270.14,270.1
270.15,270.1
270.16,270.1
270.17,270.1
270.18,270.1
270.19,270.1
271.1,271.1
271.2,271.1
271.3,271.1
271.4,271.1
271.5,271.1
271.6,271.1
271.7,271.1
271.8,271.1
271.9,271.1
271.10,271.1
271.11,271.1
271.12,271.1
271.13,271.1
271.14,271.1
271.15,271.1
271.16,271.1
271.17,271.1
271.18,271.1
272.1,272.1
272.2,272.1
272.3,272.1
272.4,272.1
272.5,272.1
272.6,272.1
273.1,273.1
273.2,273.1
273.3,273.1
273.4,273.1
273.5,273.1
273.6,273.1
273.7,273.1
274.1,274.1
274.2,274.1
274.3,274.1
274.4,274.1
274.5,274.1
274.6,274.1
274.7,274.1
274.8,274.1
274.9,274.1
274.10,274.1
274.11,274.1
274.12,274.1
274.13,274.1
274.14,274.1
274.15,274.1
274.16,274.1
274.17,274.1
274.18,274.1
275.1,275.1
275.2,275.1
275.3,275.1
275.4,275.1
275.5,275.1
275.6,275.1
275.7,275.1
275.8,275.1
275.9,275.1
275.10,275.1
276.1,276.1
276.2,276.1
276.3,276.1
276.4,276.1
276.5,276.1
276.6,276.1
276.7,276.1
276.8,276.1
277.1,277.1
277.2,277.1
277.3,277.1
277.4,277.1
277.5,277.1
277.6,277.1
277.7,277.1
277.8,277.1
278.1,278.1
278.2,278.1
278.3,278.1
278.4,278.1
278.5,278.1
278.6,278.1
278.7,278.1
279.1,279.1
280.1,280.1
280.2,280.1
280.3,280.1
280.4,280.1
280.5,280.1
280.6,280.1
280.7,280.1
280.8,280.1
280.9,280.1
280.10,280.1
280.11,280.1
280.12,280.1
280.13,280.1
280.14,280.1
280.15,280.1
280.16,280.1
280.17,280.1
280.18,280.1
281.1,281.1
281.2,281.1
281.3,281.1
281.4,281.1
281.5,281.1
281.6,281.1
281.7,281.1
281.8,281.1
281.9,281.1
281.10,281.1
282.1,282.1
282.2,282.1
282.3,282.1
282.4,282.1
282.5,282.1
282.6,282.1
282.7,282.1
282.8,282.1
282.9,282.1
282.10,282.1
282.11,282.1
282.12,282.1
282.13,282.1
282.14,282.1
282.15,282.1
282.16,282.1
282.17,282.1
282.18,282.1
282.19,282.1
283.1,283.1
283.2,283.1
283.3,283.1
283.4,283.1
283.5,283.1
283.6,283.1
283.7,283.1
283.8,283.1
283.9,283.1
283.10,283.1
283.11,283.1
284.1,284.1
284.2,284.1
284.3,284.1
285.1,285.1
285.2,285.1
286.1,286.1
286.2,286.1
286.3,286.1
286.4,286.1
286.5,286.1
286.6,286.1
286.7,286.1
286.8,286.1
287.1,287.1
287.2,287.1
287.3,287.1
287.4,287.1
287.5,287.1
287.6,287.1
287.7,287.1
287.8,287.1
288.1,288.1
288.2,288.1
288.3,288.1
288.4,288.1
288.5,288.1
288.6,288.1
288.7,288.1
289.1,289.1
290.1,290.1
290.2,290.1
290.3,290.1
291.1,291.1
291.2,291.1
291.3,291.1
291.4,291.1
291.5,291.1
291.6,291.1
291.7,291.1
291.8,291.1
292.1,292.1
292.2,292.1
292.3,292.1
292.4,292.1
293.1,293.1
293.2,293.1
293.3,293.1
293.4,293.1
293.5,293.1
293.6,293.1
293.7,293.1
293.8,293.1
293.9,293.1
293.10,293.1
293.11,293.1
293.12,293.1
293.13,293.1
293.14,293.1
293.15,293.1
293.16,293.1
293.17,293.1
293.18,293.1
293.19,293.1
293.20,293.1
293.21,293.1
294.1,294.1
294.2,294.1
294.3,294.1
294.4,294.1
294.5,294.1
294.6,294.1
294.7,294.1
294.8,294.1
295.1,295.1
295.2,295.1
295.3,295.1
295.4,295.1
295.5,295.1
295.6,295.1
295.7,295.1
296.1,296.1
296.2,296.1
296.3,296.1
296.4,296.1
296.5,296.1
296.6,296.1
296.7,296.1
296.8,296.1
296.9,296.1
296.10,296.1
297.1,297.1
297.2,297.1
297.3,297.1
297.4,297.1
297.5,297.1
298.1,298.1
298.2,298.1
298.3,298.1
298.4,298.1
298.5,298.1
298.6,298.1
298.7,298.1
298.8,298.1
298.9,298.1
298.10,298.1
299.1,299.1
299.2,299.1
299.3,299.1
299.4,299.1
299.5,299.1
299.6,299.1
299.7,299.1
299.8,299.1
300.1,300.1
300.2,300.1
301.1,301.1
301.2,301.1
301.3,301.1
301.4,301.1
301.5,301.1
301.6,301.1
301.7,301.1
301.8,301.1
301.9,301.1
301.10,301.1
301.11,301.1
301.12,301.1
301.13,301.1
301.14,301.1
301.15,301.1
302.1,302.1
302.2,302.1
302.3,302.1
302.4,302.1
302.5,302.1
302.6,302.1
302.7,302.1
302.8,302.1
302.9,302.1
302.10,302.1
302.11,302.1
302.12,302.1
302.13,302.1
302.14,302.1
302.15,302.1
302.16,302.1
302.17,302.1
302.18,302.1
302.19,302.1
302.20,302.1
302.21,302.1
303.1,303.1
303.2,303.1
303.3,303.1
303.4,303.1
303.5,303.1
303.6,303.1
303.7,303.1
303.8,303.1
303.9,303.1
303.10,303.1
303.11,303.1
303.12,303.1
304.1,304.1
304.2,304.1
304.3,304.1
304.4,304.1
304.5,304.1
305.1,305.1
305.2,305.1
305.3,305.1
306.1,306.1
306.2,306.1
306.3,306.1
306.4,306.1
307.1,307.1
307.2,307.1
307.3,307.1
307.4,307.1
307.5,307.1
307.6,307.1
307.7,307.1
307.8,307.1
307.9,307.1
307.10,307.1
307.11,307.1
307.12,307.1
308.1,308.1
308.2,308.1
308.3,308.1
308.4,308.1
308.5,308.1
308.6,308.1
308.7,308.1
308.8,308.1
308.9,308.1
308.10,308.1
308.11,308.1
308.12,308.1
308.13,308.1
309.1,309.1
309.2,309.1
309.3,309.1
309.4,309.1
309.5,309.1
309.6,309.1
309.7,309.1
309.8,309.1
309.9,309.1
309.10,309.1
309.11,309.1
309.12,309.1
309.13,309.1
309.14,309.1
310.1,310.1
310.2,310.1
310.3,310.1
310.4,310.1
310.5,310.1
311.1,311.1
311.2,311.1
311.3,311.1
311.4,311.1
311.5,311.1
312.1,312.1
312.2,312.1
312.3,312.1
312.4,312.1
312.5,312.1
313.1,313.1
313.2,313.1
313.3,313.1
313.4,313.1
313.5,313.1
313.6,313.1
313.7,313.1
314.1,314.1
314.2,314.1
315.1,315.1
315.2,315.1
315.3,315.1
315.4,315.1
315.5,315.1
315.6,315.1
316.1,316.1
316.2,316.1
316.3,316.1
317.1,317.1
317.2,317.1
317.3,317.1
317.4,317.1
318.1,318.1
318.2,318.1
318.3,318.1
318.4,318.1
318.5,318.1
318.6,318.1
319.1,319.1
319.2,319.1
319.3,319.1
319.4,319.1
319.5,319.1
319.6,319.1
319.7,319.1
319.8,319.1
319.9,319.1
319.10,319.1
320.1,320.1
320.2,320.1
321.1,321.1
321.2,321.1
321.3,321.1
321.4,321.1
321.5,321.1
321.6,321.1
321.7,321.1
322.1,322.1
322.2,322.1
322.3,322.1
322.4,322.1
322.5,322.1
322.6,322.1
322.7,322.1
322.8,322.1
322.9,322.1
322.10,322.1
322.11,322.1
322.12,322.1
322.13,322.1
322.14,322.1
322.15,322.1
322.16,322.1
322.17,322.1
322.18,322.1
322.19,322.1
322.20,322.1
322.21,322.1
322.22,322.1
323.1,323.1
323.2,323.1
323.3,323.1
323.4,323.1
323.5,323.1
323.6,323.1
323.7,323.1
323.8,323.1
323.9,323.1
323.10,323.1
323.11,323.1
323.12,323.1
323.13,323.1
323.14,323.1
323.15,323.1
323.16,323.1
323.17,323.1
324.1,324.1
324.2,324.1
324.3,324.1
324.4,324.1
325.1,325.1
325.2,325.1
325.3,325.1
325.4,325.1
325.5,325.1
325.6,325.1
325.7,325.1
325.8,325.1
325.9,325.1
325.10,325.1
325.11,325.1
325.12,325.1
325.13,325.1
325.14,325.1
325.15,325.1
325.16,325.1
325.17,325.1
325.18,325.1
325.19,325.1
325.20,325.1
325.21,325.1
326.1,326.1
326.2,326.1
326.3,326.1
326.4,326.1
326.5,326.1
326.6,326.1
326.7,326.1
326.8,326.1
327.1,327.1
327.2,327.1
327.3,327.1
328.1,328.1
328.2,328.1
328.3,328.1
328.4,328.1
328.5,328.1
328.6,328.1
328.7,328.1
328.8,328.1
328.9,328.1
328.10,328.1
328.11,328.1
329.1,329.1
329.2,329.1
329.3,329.1
329.4,329.1
329.5,329.1
329.6,329.1
329.7,329.1
329.8,329.1
329.9,329.1
329.10,329.1
329.11,329.1
329.12,329.1
329.13,329.1
330.1,330.1
330.2,330.1
331.1,331.1
331.2,331.1
331.3,331.1
331.4,331.1
331.5,331.1
332.1,332.1
332.2,332.1
332.3,332.1
332.4,332.1
332.5,332.1
332.6,332.1
332.7,332.1
333.1,333.1
333.2,333.1
333.3,333.1
333.4,333.1
333.5,333.1
333.6,333.1
334.1,334.1
334.2,334.1
334.3,334.1
334.4,334.1
335.1,335.1
335.2,335.1
335.3,335.1
335.4,335.1
335.5,335.1
335.6,335.1
335.7,335.1
335.8,335.1
335.9,335.1
335.10,335.1
335.11,335.1
335.12,335.1
335.13,335.1
335.14,335.1
335.15,335.1
335.16,335.1
335.17,335.1
335.18,335.1
335.19,335.1
335.20,335.1
335.21,335.1
335.22,335.1
335.23,335.1
335.24,335.1
335.25,335.1
336.1,336.1
336.2,336.1
336.3,336.1
336.4,336.1
336.5,336.1
336.6,336.1
336.7,336.1
336.8,336.1
337.1,337.1
337.2,337.1
337.3,337.1
337.4,337.1
337.5,337.1
337.6,337.1
338.1,338.1
338.2,338.1
338.3,338.1
338.4,338.1
338.5,338.1
338.6,338.1
339.1,339.1
339.2,339.1
339.3,339.1
339.4,339.1
339.5,339.1
339.6,339.1
339.7,339.1
339.8,339.1
339.9,339.1
340.1,340.1
340.2,340.1
341.1,341.1
341.2,341.1
341.3,341.1
341.4,341.1
342.1,342.1
342.2,342.1
342.3,342.1
342.4,342.1
342.5,342.1
342.6,342.1
342.7,342.1
342.8,342.1
342.9,342.1
342.10,342.1
342.11,342.1
342.12,342.1
343.1,343.1
343.2,343.1
343.3,343.1
343.4,343.1
343.5,343.1
343.6,343.1
343.7,343.1
343.8,343.1
343.9,343.1
343.10,343.1
343.11,343.1
343.12,343.1
343.13,343.1
343.14,343.1
343.15,343.1
343.16,343.1
343.17,343.1
343.18,343.1
343.19,343.1
343.20,343.1
343.21,343.1
343.22,343.1
343.23,343.1
343.24,343.1
343.25,343.1
343.26,343.1
343.27,343.1
343.28,343.1
344.1,344.1
344.2,344.1
344.3,344.1
344.4,344.1
344.5,344.1
344.6,344.1
344.7,344.1
344.8,344.1
344.9,344.1
344.10,344.1
345.1,345.1
345.2,345.1
345.3,345.1
345.4,345.1
345.5,345.1
345.6,345.1
345.7,345.1
345.8,345.1
345.9,345.1
345.10,345.1
345.11,345.1
345.12,345.1
345.13,345.1
345.14,345.1
345.15,345.1
345.16,345.1
345.17,345.1
345.18,345.1
345.19,345.1
345.20,345.1
345.21,345.1
346.1,346.1
346.2,346.1
346.3,346.1
346.4,346.1
346.5,346.1
346.6,346.1
346.7,346.1
346.8,346.1
346.9,346.1
346.10,346.1
346.11,346.1
346.12,346.1
346.13,346.1
346.14,346.1
346.15,346.1
346.16,346.1
347.1,347.1
347.2,347.1
347.3,347.1
347.4,347.1
347.5,347.1
347.6,347.1
347.7,347.1
347.8,347.1
347.9,347.1
347.10,347.1
347.11,347.1
347.12,347.1
348.1,348.1
348.2,348.1
348.3,348.1
348.4,348.1
348.5,348.1
348.6,348.1
348.7,348.1
348.8,348.1
348.9,348.1
348.10,348.1
348.11,348.1
349.1,349.1
349.2,349.1
349.3,349.1
349.4,349.1
349.5,349.1
349.6,349.1
349.7,349.1
349.8,349.1
349.9,349.1
349.10,349.1
349.11,349.1
350.1,350.1
350.2,350.1
350.3,350.1
350.4,350.1
350.5,350.1
350.6,350.1
350.7,350.1
350.8,350.1
351.1,351.1
351.2,351.1
351.3,351.1
351.4,351.1
351.5,351.1
351.6,351.1
351.7,351.1
351.8,351.1
351.9,351.1
351.10,351.1
351.11,351.1
352.1,352.1
352.2,352.1
352.3,352.1
352.4,352.1
352.5,352.1
352.6,352.1
352.7,352.1
353.1,353.1
353.2,353.1
353.3,353.1
353.4,353.1
354.1,354.1
354.2,354.1
354.3,354.1
354.4,354.1
354.5,354.1
354.6,354.1
354.7,354.1
354.8,354.1
354.9,354.1
354.10,354.1
354.11,354.1
354.12,354.1
354.13,354.1
355.1,355.1
355.2,355.1
355.3,355.1
355.4,355.1
355.5,355.1
355.6,355.1
355.7,355.1
355.8,355.1
355.9,355.1
356.1,356.1
356.2,356.1
356.3,356.1
356.4,356.1
356.5,356.1
356.6,356.1
356.7,356.1
356.8,356.1
356.9,356.1
356.10,356.1
356.11,356.1
356.12,356.1
357.1,357.1
357.2,357.1
357.3,357.1
357.4,357.1
357.5,357.1
358.1,358.1
358.2,358.1
358.3,358.1
358.4,358.1
359.1,359.1
359.2,359.1
359.3,359.1
359.4,359.1
359.5,359.1
360.1,360.1
360.2,360.1
360.3,360.1
361.1,361.1
361.2,361.1
361.3,361.1
361.4,361.1
361.5,361.1
361.6,361.1
361.7,361.1
361.8,361.1
361.9,361.1
362.1,362.1
362.2,362.1
363.1,363.1
363.2,363.1
363.3,363.1
363.4,363.1
363.5,363.1
363.6,363.1
363.7,363.1
363.8,363.1
363.9,363.1
363.10,363.1
364.1,364.1
364.2,364.1
364.3,364.1
364.4,364.1
364.5,364.1
364.6,364.1
364.7,364.1
364.8,364.1
364.9,364.1
364.10,364.1
364.11,364.1
365.1,365.1
365.2,365.1
365.3,365.1
365.4,365.1
365.5,365.1
365.6,365.1
365.7,365.1
365.8,365.1
365.9,365.1
365.10,365.1
366.1,366.1
366.2,366.1
366.3,366.1
366.4,366.1
366.5,366.1
366.6,366.1
366.7,366.1
366.8,366.1
366.9,366.1
366.10,366.1
366.11,366.1
366.12,366.1
366.13,366.1
366.14,366.1
366.15,366.1
367.1,367.1
367.2,367.1
367.3,367.1
367.4,367.1
367.5,367.1
367.6,367.1
367.7,367.1
367.8,367.1
367.9,367.1
367.10,367.1
367.11,367.1
367.12,367.1
367.13,367.1
367.14,367.1
367.15,367.1
367.16,367.1
367.17,367.1
367.18,367.1
367.19,367.1
367.20,367.1
367.21,367.1
367.22,367.1
367.23,367.1
367.24,367.1
367.25,367.1
368.1,368.1
368.2,368.1
368.3,368.1
368.4,368.1
368.5,368.1
368.6,368.1
368.7,368.1
368.8,368.1
368.9,368.1
368.10,368.1
369.1,369.1
369.2,369.1
369.3,369.1
369.4,369.1
369.5,369.1
369.6,369.1
369.7,369.1
369.8,369.1
369.9,369.1
369.10,369.1
370.1,370.1
370.2,370.1
370.3,370.1
370.4,370.1
371.1,371.1
371.2,371.1
371.3,371.1
371.4,371.1
371.5,371.1
371.6,371.1
371.7,371.1
371.8,371.1
371.9,371.1
371.10,371.1
372.1,372.1
372.2,372.1
372.3,372.1
372.4,372.1
372.5,372.1
372.6,372.1
372.7,372.1
372.8,372.1
372.9,372.1
373.1,373.1
373.2,373.1
373.3,373.1
373.4,373.1
373.5,373.1
373.6,373.1
373.7,373.1
373.8,373.1
373.9,373.1
373.10,373.1
373.11,373.1
373.12,373.1
373.13,373.1
373.14,373.1
373.15,373.1
373.16,373.1
373.17,373.1
374.1,374.1
374.2,374.1
374.3,374.1
374.4,374.1
374.5,374.1
374.6,374.1
374.7,374.1
374.8,374.1
374.9,374.1
374.10,374.1
374.11,374.1
374.12,374.1
374.13,374.1
374.14,374.1
374.15,374.1
375.1,375.1
375.2,375.1
375.3,375.1
375.4,375.1
375.5,375.1
375.6,375.1
375.7,375.1
375.8,375.1
375.9,375.1
375.10,375.1
375.11,375.1
375.12,375.1
375.13,375.1
375.14,375.1
375.15,375.1
375.16,375.1
375.17,375.1
375.18,375.1
375.19,375.1
375.20,375.1
375.21,375.1
375.22,375.1
375.23,375.1
376.1,376.1
376.2,376.1
376.3,376.1
376.4,376.1
376.5,376.1
376.6,376.1
376.7,376.1
376.8,376.1
376.9,376.1
377.1,377.1
377.2,377.1
377.3,377.1
377.4,377.1
377.5,377.1
377.6,377.1
378.1,378.1
378.2,378.1
378.3,378.1
378.4,378.1
378.5,378.1
378.6,378.1
378.7,378.1
378.8,378.1
378.9,378.1
378.10,378.1
379.1,379.1
379.2,379.1
379.3,379.1
379.4,379.1
379.5,379.1
379.6,379.1
379.7,379.1
379.8,379.1
379.9,379.1
379.10,379.1
379.11,379.1
379.12,379.1
379.13,379.1
379.14,379.1
380.1,380.1
380.2,380.1
380.3,380.1
380.4,380.1
380.5,380.1
380.6,380.1
380.7,380.1
380.8,380.1
381.1,381.1
381.2,381.1
381.3,381.1
381.4,381.1
382.1,382.1
382.2,382.1
382.3,382.1
382.4,382.1
382.5,382.1
382.6,382.1
382.7,382.1
382.8,382.1
382.9,382.1
382.10,382.1
382.11,382.1
382.12,382.1
382.13,382.1
383.1,383.1
383.2,383.1
383.3,383.1
383.4,383.1
384.1,384.1
384.2,384.1
384.3,384.1
384.4,384.1
384.5,384.1
384.6,384.1
384.7,384.1
384.8,384.1
384.9,384.1
384.10,384.1
385.1,385.1
385.2,385.1
385.3,385.1
385.4,385.1
385.5,385.1
385.6,385.1
385.7,385.1
385.8,385.1
385.9,385.1
385.10,385.1
385.11,385.1
385.12,385.1
386.1,386.1
386.2,386.1
386.3,386.1
386.4,386.1
386.5,386.1
386.6,386.1
386.7,386.1
386.8,386.1
386.9,386.1
386.10,386.1
386.11,386.1
386.12,386.1
387.1,387.1
387.2,387.1
387.3,387.1
387.4,387.1
387.5,387.1
387.6,387.1
387.7,387.1
387.8,387.1
387.9,387.1
387.10,387.1
387.11,387.1
387.12,387.1
387.13,387.1
387.14,387.1
388.1,388.1
388.2,388.1
388.3,388.1
388.4,388.1
389.1,389.1
389.2,389.1
389.3,389.1
389.4,389.1
389.5,389.1
389.6,389.1
389.7,389.1
389.8,389.1
389.9,389.1
389.10,389.1
389.11,389.1
389.12,389.1
390.1,390.1
390.2,390.1
390.3,390.1
390.4,390.1
390.5,390.1
390.6,390.1
390.7,390.1
390.8,390.1
390.9,390.1
390.10,390.1
390.11,390.1
390.12,390.1
390.13,390.1
390.14,390.1
390.15,390.1
390.16,390.1
390.17,390.1
391.1,391.1
391.2,391.1
391.3,391.1
391.4,391.1
391.5,391.1
391.6,391.1
391.7,391.1
391.8,391.1
391.9,391.1
391.10,391.1
392.1,392.1
392.2,392.1
392.3,392.1
392.4,392.1
392.5,392.1
392.6,392.1
392.7,392.1
392.8,392.1
393.1,393.1
393.2,393.1
393.3,393.1
393.4,393.1
393.5,393.1
393.6,393.1
393.7,393.1
393.8,393.1
393.9,393.1
393.10,393.1
394.1,394.1
394.2,394.1
394.3,394.1
394.4,394.1
394.5,394.1
394.6,394.1
394.7,394.1
394.8,394.1
394.9,394.1
394.10,394.1
394.11,394.1
394.12,394.1
394.13,394.1
394.14,394.1
394.15,394.1
394.16,394.1
394.17,394.1
394.18,394.1
394.19,394.1
394.20,394.1
394.21,394.1
394.22,394.1
394.23,394.1
394.24,394.1
394.25,394.1
394.26,394.1
395.1,395.1
395.2,395.1
395.3,395.1
395.4,395.1
395.5,395.1
395.6,395.1
395.7,395.1
396.1,396.1
396.2,396.1
396.3,396.1
396.4,396.1
396.5,396.1
396.6,396.1
396.7,396.1
396.8,396.1
396.9,396.1
396.10,396.1
396.11,396.1
396.12,396.1
397.1,397.1
397.2,397.1
397.3,397.1
397.4,397.1
397.5,397.1
397.6,397.1
397.7,397.1
397.8,397.1
397.9,397.1
397.10,397.1
398.1,398.1
398.2,398.1
398.3,398.1
398.4,398.1
398.5,398.1
398.6,398.1
398.7,398.1
398.8,398.1
398.9,398.1
398.10,398.1
398.11,398.1
398.12,398.1
398.13,398.1
398.14,398.1
398.15,398.1
399.1,399.1
399.2,399.1
399.3,399.1
399.4,399.1
399.5,399.1
399.6,399.1
399.7,399.1
399.8,399.1
399.9,399.1
399.10,399.1
399.11,399.1
399.12,399.1
399.13,399.1
399.14,399.1
400.1,400.1
400.2,400.1
400.3,400.1
400.4,400.1
400.5,400.1
400.6,400.1
400.7,400.1
400.8,400.1
400.9,400.1
400.10,400.1
400.11,400.1
400.12,400.1
400.13,400.1
401.1,401.1
401.2,401.1
401.3,401.1
401.4,401.1
401.5,401.1
401.6,401.1
401.7,401.1
401.8,401.1
401.9,401.1
401.10,401.1
401.11,401.1
401.12,401.1
402.1,402.1
402.2,402.1
402.3,402.1
402.4,402.1
402.5,402.1
402.6,402.1
402.7,402.1
402.8,402.1
402.9,402.1
402.10,402.1
402.11,402.1
402.12,402.1
402.13,402.1
402.14,402.1
403.1,403.1
403.2,403.1
403.3,403.1
403.4,403.1
403.5,403.1
403.6,403.1
403.7,403.1
403.8,403.1
403.9,403.1
404.1,404.1
404.2,404.1
404.3,404.1
404.4,404.1
404.5,404.1
404.6,404.1
404.7,404.1
404.8,404.1
404.9,404.1
404.10,404.1
405.1,405.1
405.2,405.1
405.3,405.1
405.4,405.1
405.5,405.1
405.6,405.1
405.7,405.1
405.8,405.1
405.9,405.1
406.1,406.1
406.2,406.1
406.3,406.1
406.4,406.1
407.1,407.1
407.2,407.1
407.3,407.1
407.4,407.1
407.5,407.1
407.6,407.1
408.1,408.1
408.2,408.1
408.3,408.1
408.4,408.1
408.5,408.1
408.6,408.1
408.7,408.1
408.8,408.1
408.9,408.1
409.1,409.1
409.2,409.1
409.3,409.1
409.4,409.1
409.5,409.1
409.6,409.1
409.7,409.1
409.8,409.1
410.1,410.1
410.2,410.1
410.3,410.1
410.4,410.1
411.1,411.1
411.2,411.1
411.3,411.1
411.4,411.1
411.5,411.1
411.6,411.1
411.7,411.1
411.8,411.1
411.9,411.1
411.10,411.1
411.11,411.1
411.12,411.1
411.13,411.1
411.14,411.1
411.15,411.1
411.16,411.1
412.1,412.1
412.2,412.1
412.3,412.1
412.4,412.1
412.5,412.1
412.6,412.1
412.7,412.1
412.8,412.1
412.9,412.1
413.1,413.1
413.2,413.1
413.3,413.1
413.4,413.1
413.5,413.1
413.6,413.1
413.7,413.1
413.8,413.1
413.9,413.1
413.10,413.1
413.11,413.1
413.12,413.1
413.13,413.1
414.1,414.1
414.2,414.1
414.3,414.1
414.4,414.1
414.5,414.1
414.6,414.1
414.7,414.1
415.1,415.1
415.2,415.1
415.3,415.1
415.4,415.1
415.5,415.1
416.1,416.1
416.2,416.1
416.3,416.1
416.4,416.1
416.5,416.1
416.6,416.1
416.7,416.1
416.8,416.1
416.9,416.1
416.10,416.1
416.11,416.1
416.12,416.1
416.13,416.1
416.14,416.1
416.15,416.1
416.16,416.1
416.17,416.1
417.1,417.1
417.2,417.1
417.3,417.1
417.4,417.1
417.5,417.1
417.6,417.1
417.7,417.1
417.8,417.1
417.9,417.1
417.10,417.1
417.11,417.1
417.12,417.1
417.13,417.1
418.1,418.1
418.2,418.1
418.3,418.1
418.4,418.1
418.5,418.1
418.6,418.1
418.7,418.1
418.8,418.1
419.1,419.1
419.2,419.1
419.3,419.1
419.4,419.1
419.5,419.1
419.6,419.1
419.7,419.1
419.8,419.1
419.9,419.1
419.10,419.1
419.11,419.1
419.12,419.1
419.13,419.1
419.14,419.1
420.1,420.1
420.2,420.1
420.3,420.1
420.4,420.1
420.5,420.1
420.6,420.1
420.7,420.1
420.8,420.1
420.9,420.1
420.10,420.1
420.11,420.1
421.1,421.1
421.2,421.1
421.3,421.1
421.4,421.1
421.5,421.1
421.6,421.1
421.7,421.1
421.8,421.1
421.9,421.1
421.10,421.1
421.11,421.1
421.12,421.1
421.13,421.1
421.14,421.1
421.15,421.1
421.16,421.1
422.1,422.1
422.2,422.1
422.3,422.1
422.4,422.1
422.5,422.1
422.6,422.1
423.1,423.1
423.2,423.1
423.3,423.1
424.1,424.1
424.2,424.1
424.3,424.1
424.4,424.1
424.5,424.1
424.6,424.1
424.7,424.1
424.8,424.1
424.9,424.1
425.1,425.1
425.2,425.1
425.3,425.1
425.4,425.1
425.5,425.1
425.6,425.1
425.7,425.1
425.8,425.1
425.9,425.1
426.1,426.1
426.2,426.1
426.3,426.1
426.4,426.1
426.5,426.1
426.6,426.1
427.1,427.1
427.2,427.1
427.3,427.1
427.4,427.1
427.5,427.1
427.6,427.1
427.7,427.1
427.8,427.1
427.9,427.1
427.10,427.1
427.11,427.1
427.12,427.1
427.13,427.1
427.14,427.1
427.15,427.1
427.16,427.1
427.17,427.1
428.1,428.1
428.2,428.1
428.3,428.1
428.4,428.1
428.5,428.1
428.6,428.1
428.7,428.1
428.8,428.1
428.9,428.1
428.10,428.1
428.11,428.1
428.12,428.1
428.13,428.1
428.14,428.1
428.15,428.1
428.16,428.1
429.1,429.1
429.2,429.1
429.3,429.1
429.4,429.1
429.5,429.1
429.6,429.1
429.7,429.1
429.8,429.1
429.9,429.1
429.10,429.1
429.11,429.1
430.1,430.1
430.2,430.1
430.3,430.1
430.4,430.1
430.5,430.1
430.6,430.1
430.7,430.1
430.8,430.1
430.9,430.1
430.10,430.1
430.11,430.1
430.12,430.1
430.13,430.1
430.14,430.1
430.15,430.1
430.16,430.1
430.17,430.1
431.1,431.1
431.2,431.1
431.3,431.1
431.4,431.1
431.5,431.1
431.6,431.1
431.7,431.1
431.8,431.1
431.9,431.1
432.1,432.1
432.2,432.1
432.3,432.1
432.4,432.1
433.1,433.1
433.2,433.1
433.3,433.1
433.4,433.1
433.5,433.1
433.6,433.1
433.7,433.1
433.8,433.1
433.9,433.1
433.10,433.1
433.11,433.1
433.12,433.1
434.1,434.1
434.2,434.1
434.3,434.1
434.4,434.1
434.5,434.1
434.6,434.1
434.7,434.1
434.8,434.1
434.9,434.1
434.10,434.1
434.11,434.1
434.12,434.1
434.13,434.1
434.14,434.1
434.15,434.1
434.16,434.1
434.17,434.1
435.1,435.1
435.2,435.1
435.3,435.1
435.4,435.1
435.5,435.1
435.6,435.1
435.7,435.1
435.8,435.1
435.9,435.1
435.10,435.1
436.1,436.1
436.2,436.1
436.3,436.1
436.4,436.1
436.5,436.1
436.6,436.1
436.7,436.1
436.8,436.1
436.9,436.1
436.10,436.1
436.11,436.1
436.12,436.1
436.13,436.1
436.14,436.1
436.15,436.1
437.1,437.1
437.2,437.1
437.3,437.1
437.4,437.1
437.5,437.1
437.6,437.1
437.7,437.1
437.8,437.1
437.9,437.1
437.10,437.1
437.11,437.1
437.12,437.1
437.13,437.1
437.14,437.1
437.15,437.1
437.16,437.1
437.17,437.1
437.18,437.1
437.19,437.1
437.20,437.1
437.21,437.1
437.22,437.1
438.1,438.1
438.2,438.1
438.3,438.1
438.4,438.1
438.5,438.1
438.6,438.1
438.7,438.1
438.8,438.1
439.1,439.1
439.2,439.1
439.3,439.1
439.4,439.1
439.5,439.1
439.6,439.1
440.1,440.1
440.2,440.1
441.1,441.1
441.2,441.1
441.3,441.1
441.4,441.1
441.5,441.1
441.6,441.1
441.7,441.1
441.8,441.1
441.9,441.1
442.1,442.1
442.2,442.1
442.3,442.1
442.4,442.1
442.5,442.1
442.6,442.1
442.7,442.1
442.8,442.1
442.9,442.1
442.10,442.1
442.11,442.1
442.12,442.1
442.13,442.1
443.1,443.1
443.2,443.1
443.3,443.1
443.4,443.1
443.5,443.1
443.6,443.1
443.7,443.1
443.8,443.1
443.9,443.1
443.10,443.1
443.11,443.1
443.12,443.1
443.13,443.1
443.14,443.1
443.15,443.1
443.16,443.1
444.1,444.1
444.2,444.1
444.3,444.1
444.4,444.1
444.5,444.1
444.6,444.1
444.7,444.1
444.8,444.1
445.1,445.1
445.2,445.1
445.3,445.1
445.4,445.1
445.5,445.1
445.6,445.1
446.1,446.1
446.2,446.1
446.3,446.1
446.4,446.1
446.5,446.1
446.6,446.1
446.7,446.1
447.1,447.1
447.2,447.1
447.3,447.1
447.4,447.1
447.5,447.1
448.1,448.1
448.2,448.1
449.1,449.1
449.2,449.1
449.3,449.1
449.4,449.1
449.5,449.1
449.6,449.1
449.7,449.1
449.8,449.1
449.9,449.1
449.10,449.1
450.1,450.1
450.2,450.1
450.3,450.1
450.4,450.1
450.5,450.1
450.6,450.1
450.7,450.1
450.8,450.1
450.9,450.1
451.1,451.1
451.2,451.1
451.3,451.1
451.4,451.1
451.5,451.1
451.6,451.1
452.1,452.1
452.2,452.1
452.3,452.1
452.4,452.1
453.1,453.1
453.2,453.1
453.3,453.1
453.4,453.1
453.5,453.1
453.6,453.1
453.7,453.1
454.1,454.1
454.2,454.1
454.3,454.1
454.4,454.1
454.5,454.1
454.6,454.1
454.7,454.1
454.8,454.1
454.9,454.1
454.10,454.1
454.11,454.1
454.12,454.1
454.13,454.1
455.1,455.1
455.2,455.1
456.1,456.1
456.2,456.1
456.3,456.1
456.4,456.1
457.1,457.1
457.2,457.1
457.3,457.1
457.4,457.1
457.5,457.1
457.6,457.1
458.1,458.1
458.2,458.1
458.3,458.1
458.4,458.1
458.5,458.1
458.6,458.1
458.7,458.1
458.8,458.1
459.1,459.1
459.2,459.1
459.3,459.1
459.4,459.1
459.5,459.1
459.6,459.1
459.7,459.1
459.8,459.1
460.1,460.1
460.2,460.1
460.3,460.1
460.4,460.1
460.5,460.1
460.6,460.1
460.7,460.1
460.8,460.1
460.9,460.1
460.10,460.1
460.11,460.1
461.1,461.1
461.2,461.1
461.3,461.1
461.4,461.1
461.5,461.1
461.6,461.1
461.7,461.1
461.8,461.1
461.9,461.1
462.1,462.1
462.2,462.1
462.3,462.1
462.4,462.1
462.5,462.1
462.6,462.1
462.7,462.1
463.1,463.1
463.2,463.1
463.3,463.1
463.4,463.1
463.5,463.1
463.6,463.1
463.7,463.1
463.8,463.1
463.9,463.1
464.1,464.1
464.2,464.1
464.3,464.1
464.4,464.1
465.1,465.1
465.2,465.1
465.3,465.1
465.4,465.1
465.5,465.1
465.6,465.1
466.1,466.1
466.2,466.1
466.3,466.1
466.4,466.1
466.5,466.1
466.6,466.1
466.7,466.1
466.8,466.1
466.9,466.1
467.1,467.1
467.2,467.1
467.3,467.1
467.4,467.1
467.5,467.1
467.6,467.1
467.7,467.1
467.8,467.1
467.9,467.1
467.10,467.1
468.1,468.1
468.2,468.1
468.3,468.1
469.1,469.1
469.2,469.1
469.3,469.1
469.4,469.1
469.5,469.1
469.6,469.1
470.1,470.1
470.2,470.1
470.3,470.1
470.4,470.1
470.5,470.1
470.6,470.1
470.7,470.1
470.8,470.1
470.9,470.1
470.10,470.1
470.11,470.1
470.12,470.1
470.13,470.1
470.14,470.1
471.1,471.1
471.2,471.1
471.3,471.1
471.4,471.1
471.5,471.1
471.6,471.1
471.7,471.1
471.8,471.1
471.9,471.1
472.1,472.1
472.2,472.1
472.3,472.1
472.4,472.1
472.5,472.1
472.6,472.1
472.7,472.1
472.8,472.1
472.9,472.1
472.10,472.1
472.11,472.1
472.12,472.1
472.13,472.1
472.14,472.1
472.15,472.1
472.16,472.1
472.17,472.1
472.18,472.1
472.19,472.1
473.1,473.1
473.2,473.1
473.3,473.1
473.4,473.1
473.5,473.1
473.6,473.1
473.7,473.1
474.1,474.1
474.2,474.1
474.3,474.1
474.4,474.1
474.5,474.1
474.6,474.1
474.7,474.1
474.8,474.1
474.9,474.1
474.10,474.1
474.11,474.1
474.12,474.1
475.1,475.1
475.2,475.1
475.3,475.1
475.4,475.1
475.5,475.1
475.6,475.1
475.7,475.1
475.8,475.1
476.1,476.1
476.2,476.1
476.3,476.1
476.4,476.1
476.5,476.1
476.6,476.1
476.7,476.1
476.8,476.1
476.9,476.1
476.10,476.1
477.1,477.1
477.2,477.1
478.1,478.1
478.2,478.1
478.3,478.1
478.4,478.1
478.5,478.1
478.6,478.1
479.1,479.1
479.2,479.1
479.3,479.1
479.4,479.1
479.5,479.1
479.6,479.1
479.7,479.1
479.8,479.1
479.9,479.1
479.10,479.1
479.11,479.1
479.12,479.1
479.13,479.1
479.14,479.1
479.15,479.1
479.16,479.1
479.17,479.1
479.18,479.1
479.19,479.1
480.1,480.1
480.2,480.1
480.3,480.1
480.4,480.1
480.5,480.1
481.1,481.1
482.1,482.1
482.2,482.1
482.3,482.1
482.4,482.1
482.5,482.1
482.6,482.1
482.7,482.1
483.1,483.1
483.2,483.1
483.3,483.1
483.4,483.1
483.5,483.1
483.6,483.1
483.7,483.1
483.8,483.1
483.9,483.1
484.1,484.1
484.2,484.1
484.3,484.1
484.4,484.1
484.5,484.1
484.6,484.1
484.7,484.1
484.8,484.1
484.9,484.1
484.10,484.1
484.11,484.1
484.12,484.1
485.1,485.1
485.2,485.1
485.3,485.1
485.4,485.1
485.5,485.1
485.6,485.1
485.7,485.1
485.8,485.1
485.9,485.1
485.10,485.1
485.11,485.1
486.1,486.1
486.2,486.1
486.3,486.1
486.4,486.1
486.5,486.1
487.1,487.1
487.2,487.1
487.3,487.1
487.4,487.1
487.5,487.1
487.6,487.1
487.7,487.1
487.8,487.1
487.9,487.1
488.1,488.1
488.2,488.1
488.3,488.1
488.4,488.1
488.5,488.1
488.6,488.1
488.7,488.1
488.8,488.1
488.9,488.1
488.10,488.1
488.11,488.1
488.12,488.1
489.1,489.1
489.2,489.1
489.3,489.1
489.4,489.1
489.5,489.1
490.1,490.1
490.2,490.1
490.3,490.1
490.4,490.1
490.5,490.1
490.6,490.1
490.7,490.1
490.8,490.1
490.9,490.1
490.10,490.1
490.11,490.1
490.12,490.1
490.13,490.1
490.14,490.1
491.1,491.1
491.2,491.1
491.3,491.1
491.4,491.1
491.5,491.1
491.6,491.1
491.7,491.1
491.8,491.1
491.9,491.1
491.10,491.1
491.11,491.1
491.12,491.1
491.13,491.1
491.14,491.1
491.15,491.1
491.16,491.1
491.17,491.1
491.18,491.1
491.19,491.1
491.20,491.1
492.1,492.1
492.2,492.1
492.3,492.1
492.4,492.1
492.5,492.1
492.6,492.1
492.7,492.1
492.8,492.1
492.9,492.1
492.10,492.1
492.11,492.1
492.12,492.1
492.13,492.1
492.14,492.1
492.15,492.1
493.1,493.1
493.2,493.1
494.1,494.1
494.2,494.1
494.3,494.1
494.4,494.1
494.5,494.1
494.6,494.1
494.7,494.1
494.8,494.1
494.9,494.1
494.10,494.1
494.11,494.1
494.12,494.1
494.13,494.1
494.14,494.1
494.15,494.1
494.16,494.1
494.17,494.1
494.18,494.1
495.1,495.1
495.2,495.1
495.3,495.1
495.4,495.1
495.5,495.1
495.6,495.1
495.7,495.1
495.8,495.1
495.9,495.1
495.10,495.1
496.1,496.1
496.2,496.1
496.3,496.1
496.4,496.1
497.1,497.1
497.2,497.1
497.3,497.1
497.4,497.1
497.5,497.1
497.6,497.1
497.7,497.1
497.8,497.1
497.9,497.1
497.10,497.1
498.1,498.1
498.2,498.1
498.3,498.1
498.4,498.1
498.5,498.1
498.6,498.1
498.7,498.1
498.8,498.1
498.9,498.1
498.10,498.1
498.11,498.1
498.12,498.1
498.13,498.1
498.14,498.1
498.15,498.1
498.16,498.1
498.17,498.1
498.18,498.1
498.19,498.1
499.1,499.1
499.2,499.1
499.3,499.1
499.4,499.1
499.5,499.1
499.6,499.1
499.7,499.1
499.8,499.1
499.9,499.1
499.10,499.1
499.11,499.1
499.12,499.1
499.13,499.1
499.14,499.1
500.1,500.1
500.2,500.1
500.3,500.1
500.4,500.1
500.5,500.1
500.6,500.1
500.7,500.1
500.8,500.1
501.1,501.1
501.2,501.1
501.3,501.1
501.4,501.1
501.5,501.1
501.6,501.1
501.7,501.1
501.8,501.1
501.9,501.1
501.10,501.1
501.11,501.1
501.12,501.1
501.13,501.1
502.1,502.1
502.2,502.1
502.3,502.1
502.4,502.1
502.5,502.1
502.6,502.1
502.7,502.1
502.8,502.1
502.9,502.1
502.10,502.1
502.11,502.1
503.1,503.1
503.2,503.1
503.3,503.1
503.4,503.1
503.5,503.1
503.6,503.1
503.7,503.1
503.8,503.1
504.1,504.1
504.2,504.1
505.1,505.1
505.2,505.1
505.3,505.1
505.4,505.1
505.5,505.1
505.6,505.1
505.7,505.1
506.1,506.1
506.2,506.1
506.3,506.1
506.4,506.1
506.5,506.1
506.6,506.1
506.7,506.1
507.1,507.1
507.2,507.1
507.3,507.1
507.4,507.1
507.5,507.1
507.6,507.1
507.7,507.1
507.8,507.1
507.9,507.1
507.10,507.1
507.11,507.1
507.12,507.1
508.1,508.1
508.2,508.1
508.3,508.1
508.4,508.1
508.5,508.1
508.6,508.1
508.7,508.1
508.8,508.1
508.9,508.1
508.10,508.1
508.11,508.1
508.12,508.1
508.13,508.1
508.14,508.1
508.15,508.1
508.16,508.1
509.1,509.1
509.2,509.1
509.3,509.1
509.4,509.1
509.5,509.1
509.6,509.1
509.7,509.1
509.8,509.1
509.9,509.1
509.10,509.1
510.1,510.1
510.2,510.1
510.3,510.1
510.4,510.1
510.5,510.1
510.6,510.1
510.7,510.1
510.8,510.1
510.9,510.1
510.10,510.1
510.11,510.1
510.12,510.1
510.13,510.1
511.1,511.1
511.2,511.1
511.3,511.1
511.4,511.1
511.5,511.1
511.6,511.1
511.7,511.1
511.8,511.1
511.9,511.1
511.10,511.1
511.11,511.1
511.12,511.1
511.13,511.1
511.14,511.1
511.15,511.1
511.16,511.1
511.17,511.1
511.18,511.1
511.19,511.1
512.1,512.1
512.2,512.1
512.3,512.1
512.4,512.1
512.5,512.1
513.1,513.1
513.2,513.1
513.3,513.1
513.4,513.1
513.5,513.1
513.6,513.1
513.7,513.1
513.8,513.1
513.9,513.1
513.10,513.1
513.11,513.1
513.12,513.1
513.13,513.1
514.1,514.1
514.2,514.1
514.3,514.1
514.4,514.1
514.5,514.1
514.6,514.1
514.7,514.1
514.8,514.1
514.9,514.1
514.10,514.1
514.11,514.1
515.1,515.1
515.2,515.1
515.3,515.1
515.4,515.1
515.5,515.1
515.6,515.1
515.7,515.1
515.8,515.1
515.9,515.1
515.10,515.1
516.1,516.1
516.2,516.1
516.3,516.1
516.4,516.1
516.5,516.1
516.6,516.1
516.7,516.1
516.8,516.1
517.1,517.1
517.2,517.1
517.3,517.1
517.4,517.1
518.1,518.1
518.2,518.1
518.3,518.1
518.4,518.1
518.5,518.1
518.6,518.1
518.7,518.1
518.8,518.1
519.1,519.1
519.2,519.1
519.3,519.1
519.4,519.1
519.5,519.1
520.1,520.1
520.2,520.1
520.3,520.1
520.4,520.1
520.5,520.1
520.6,520.1
520.7,520.1
521.1,521.1
521.2,521.1
521.3,521.1
521.4,521.1
521.5,521.1
522.1,522.1
522.2,522.1
522.3,522.1
523.1,523.1
523.2,523.1
523.3,523.1
523.4,523.1
523.5,523.1
523.6,523.1
523.7,523.1
523.8,523.1
523.9,523.1
524.1,524.1
524.2,524.1
524.3,524.1
524.4,524.1
524.5,524.1
524.6,524.1
524.7,524.1
524.8,524.1
524.9,524.1
524.10,524.1
524.11,524.1
524.12,524.1
524.13,524.1
524.14,524.1
524.15,524.1
524.16,524.1
524.17,524.1
524.18,524.1
524.19,524.1
524.20,524.1
524.21,524.1
524.22,524.1
524.23,524.1
525.1,525.1
525.2,525.1
525.3,525.1
525.4,525.1
525.5,525.1
525.6,525.1
525.7,525.1
525.8,525.1
525.9,525.1
525.10,525.1
526.1,526.1
526.2,526.1
526.3,526.1
526.4,526.1
526.5,526.1
527.1,527.1
527.2,527.1
527.3,527.1
527.4,527.1
527.5,527.1
527.6,527.1
527.7,527.1
527.8,527.1
527.9,527.1
527.10,527.1
528.1,528.1
528.2,528.1
528.3,528.1
528.4,528.1
528.5,528.1
528.6,528.1
528.7,528.1
528.8,528.1
528.9,528.1
529.1,529.1
529.2,529.1
529.3,529.1
529.4,529.1
529.5,529.1
529.6,529.1
530.1,530.1
530.2,530.1
530.3,530.1
530.4,530.1
530.5,530.1
530.6,530.1
530.7,530.1
530.8,530.1
530.9,530.1
530.10,530.1
530.11,530.1
531.1,531.1
531.2,531.1
531.3,531.1
531.4,531.1
531.5,531.1
531.6,531.1
531.7,531.1
531.8,531.1
531.9,531.1
531.10,531.1
531.11,531.1
531.12,531.1
531.13,531.1
531.14,531.1
531.15,531.1
531.16,531.1
531.17,531.1
531.18,531.1
532.1,532.1
532.2,532.1
532.3,532.1
532.4,532.1
532.5,532.1
532.6,532.1
532.7,532.1
532.8,532.1
532.9,532.1
532.10,532.1
532.11,532.1
532.12,532.1
533.1,533.1
533.2,533.1
533.3,533.1
533.4,533.1
533.5,533.1
534.1,534.1
534.2,534.1
534.3,534.1
535.1,535.1
535.2,535.1
535.3,535.1
535.4,535.1
535.5,535.1
535.6,535.1
535.7,535.1
535.8,535.1
536.1,536.1
536.2,536.1
536.3,536.1
536.4,536.1
536.5,536.1
536.6,536.1
536.7,536.1
536.8,536.1
536.9,536.1
536.10,536.1
536.11,536.1
536.12,536.1
537.1,537.1
537.2,537.1
537.3,537.1
537.4,537.1
537.5,537.1
537.6,537.1
537.7,537.1
537.8,537.1
537.9,537.1
538.1,538.1
538.2,538.1
538.3,538.1
538.4,538.1
538.5,538.1
538.6,538.1
538.7,538.1
538.8,538.1
538.9,538.1
538.10,538.1
538.11,538.1
538.12,538.1
538.13,538.1
538.14,538.1
538.15,538.1
538.16,538.1
538.17,538.1
539.1,539.1
539.2,539.1
539.3,539.1
539.4,539.1
539.5,539.1
539.6,539.1
539.7,539.1
539.8,539.1
539.9,539.1
539.10,539.1
539.11,539.1
540.1,540.1
540.2,540.1
540.3,540.1
540.4,540.1
541.1,541.1
541.2,541.1
541.3,541.1
542.1,542.1
542.2,542.1
542.3,542.1
542.4,542.1
542.5,542.1
542.6,542.1
542.7,542.1
542.8,542.1
542.9,542.1
542.10,542.1
542.11,542.1
542.12,542.1
543.1,543.1
543.2,543.1
544.1,544.1
544.2,544.1
544.3,544.1
544.4,544.1
544.5,544.1
544.6,544.1
544.7,544.1
544.8,544.1
544.9,544.1
544.10,544.1
544.11,544.1
544.12,544.1
544.13,544.1
545.1,545.1
545.2,545.1
545.3,545.1
545.4,545.1
545.5,545.1
546.1,546.1
546.2,546.1
546.3,546.1
546.4,546.1
546.5,546.1
546.6,546.1
546.7,546.1
546.8,546.1
547.1,547.1
547.2,547.1
547.3,547.1
547.4,547.1
547.5,547.1
547.6,547.1
547.7,547.1
547.8,547.1
547.9,547.1
547.10,547.1
547.11,547.1
547.12,547.1
547.13,547.1
548.1,548.1
548.2,548.1
548.3,548.1
548.4,548.1
548.5,548.1
548.6,548.1
548.7,548.1
548.8,548.1
548.9,548.1
548.10,548.1
548.11,548.1
548.12,548.1
548.13,548.1
548.14,548.1
548.15,548.1
548.16,548.1
548.17,548.1
548.18,548.1
549.1,549.1
549.2,549.1
549.3,549.1
549.4,549.1
549.5,549.1
549.6,549.1
549.7,549.1
549.8,549.1
550.1,550.1
550.2,550.1
550.3,550.1
550.4,550.1
550.5,550.1
550.6,550.1
550.7,550.1
550.8,550.1
550.9,550.1
550.10,550.1
550.11,550.1
550.12,550.1
550.13,550.1
550.14,550.1
550.15,550.1
550.16,550.1
551.1,551.1
551.2,551.1
551.3,551.1
551.4,551.1
551.5,551.1
551.6,551.1
551.7,551.1
551.8,551.1
551.9,551.1
551.10,551.1
551.11,551.1
551.12,551.1
551.13,551.1
551.14,551.1
551.15,551.1
552.1,552.1
552.2,552.1
552.3,552.1
552.4,552.1
552.5,552.1
552.6,552.1
552.7,552.1
552.8,552.1
552.9,552.1
552.10,552.1
552.11,552.1
552.12,552.1
552.13,552.1
552.14,552.1
552.15,552.1
552.16,552.1
552.17,552.1
553.1,553.1
553.2,553.1
553.3,553.1
553.4,553.1
553.5,553.1
553.6,553.1
553.7,553.1
553.8,553.1
553.9,553.1
553.10,553.1
553.11,553.1
553.12,553.1
553.13,553.1
553.14,553.1
553.15,553.1
553.16,553.1
553.17,553.1
553.18,553.1
554.1,554.1
554.2,554.1
554.3,554.1
554.4,554.1
554.5,554.1
554.6,554.1
554.7,554.1
554.8,554.1
554.9,554.1
554.10,554.1
555.1,555.1
555.2,555.1
555.3,555.1
555.4,555.1
555.5,555.1
555.6,555.1
555.7,555.1
555.8,555.1
555.9,555.1
555.10,555.1
555.11,555.1
556.1,556.1
556.2,556.1
556.3,556.1
556.4,556.1
556.5,556.1
556.6,556.1
556.7,556.1
556.8,556.1
556.9,556.1
556.10,556.1
556.11,556.1
556.12,556.1
556.13,556.1
557.1,557.1
557.2,557.1
557.3,557.1
557.4,557.1
557.5,557.1
557.6,557.1
557.7,557.1
557.8,557.1
557.9,557.1
557.10,557.1
557.11,557.1
557.12,557.1
557.13,557.1
557.14,557.1
557.15,557.1
557.16,557.1
557.17,557.1
557.18,557.1
557.19,557.1
558.1,558.1
558.2,558.1
558.3,558.1
558.4,558.1
558.5,558.1
558.6,558.1
558.7,558.1
559.1,559.1
559.2,559.1
559.3,559.1
559.4,559.1
559.5,559.1
559.6,559.1
559.7,559.1
559.8,559.1
559.9,559.1
559.10,559.1
559.11,559.1
559.12,559.1
559.13,559.1
559.14,559.1
560.1,560.1
560.2,560.1
560.3,560.1
560.4,560.1
560.5,560.1
560.6,560.1
560.7,560.1
560.8,560.1
560.9,560.1
560.10,560.1
560.11,560.1
560.12,560.1
560.13,560.1
560.14,560.1
560.15,560.1
561.1,561.1
562.1,562.1
562.2,562.1
563.1,563.1
563.2,563.1
563.3,563.1
563.4,563.1
563.5,563.1
564.1,564.1
564.2,564.1
564.3,564.1
564.4,564.1
564.5,564.1
564.6,564.1
564.7,564.1
564.8,564.1
564.9,564.1
564.10,564.1
565.1,565.1
565.2,565.1
565.3,565.1
565.4,565.1
565.5,565.1
565.6,565.1
565.7,565.1
565.8,565.1
565.9,565.1
565.10,565.1
566.1,566.1
566.2,566.1
566.3,566.1
566.4,566.1
566.5,566.1
566.6,566.1
566.7,566.1
566.8,566.1
566.9,566.1
567.1,567.1
567.2,567.1
567.3,567.1
567.4,567.1
567.5,567.1
567.6,567.1
567.7,567.1
567.8,567.1
567.9,567.1
567.10,567.1
567.11,567.1
567.12,567.1
567.13,567.1
567.14,567.1
567.15,567.1
568.1,568.1
568.2,568.1
568.3,568.1
568.4,568.1
568.5,568.1
568.6,568.1
569.1,569.1
569.2,569.1
569.3,569.1
569.4,569.1
569.5,569.1
569.6,569.1
569.7,569.1
569.8,569.1
569.9,569.1
569.10,569.1
569.11,569.1
569.12,569.1
570.1,570.1
570.2,570.1
570.3,570.1
570.4,570.1
570.5,570.1
570.6,570.1
570.7,570.1
570.8,570.1
570.9,570.1
570.10,570.1
571.1,571.1
571.2,571.1
571.3,571.1
571.4,571.1
571.5,571.1
571.6,571.1
571.7,571.1
571.8,571.1
571.9,571.1
571.10,571.1
572.1,572.1
572.2,572.1
572.3,572.1
572.4,572.1
572.5,572.1
573.1,573.1
573.2,573.1
573.3,573.1
573.4,573.1
573.5,573.1
573.6,573.1
573.7,573.1
573.8,573.1
573.9,573.1
573.10,573.1
573.11,573.1
573.12,573.1
574.1,574.1
574.2,574.1
574.3,574.1
574.4,574.1
574.5,574.1
574.6,574.1
574.7,574.1
574.8,574.1
574.9,574.1
574.10,574.1
574.11,574.1
574.12,574.1
575.1,575.1
575.2,575.1
575.3,575.1
575.4,575.1
575.5,575.1
575.6,575.1
575.7,575.1
575.8,575.1
575.9,575.1
575.10,575.1
575.11,575.1
576.1,576.1
576.2,576.1
576.3,576.1
576.4,576.1
576.5,576.1
576.6,576.1
577.1,577.1
577.2,577.1
577.3,577.1
577.4,577.1
577.5,577.1
577.6,577.1
577.7,577.1
577.8,577.1
577.9,577.1
577.10,577.1
577.11,577.1
577.12,577.1
577.13,577.1
578.1,578.1
578.2,578.1
578.3,578.1
578.4,578.1
578.5,578.1
578.6,578.1
578.7,578.1
578.8,578.1
578.9,578.1
578.10,578.1
578.11,578.1
578.12,578.1
578.13,578.1
578.14,578.1
578.15,578.1
578.16,578.1
578.17,578.1
578.18,578.1
579.1,579.1
579.2,579.1
579.3,579.1
579.4,579.1
579.5,579.1
579.6,579.1
579.7,579.1
579.8,579.1
579.9,579.1
579.10,579.1
579.11,579.1
579.12,579.1
579.13,579.1
579.14,579.1
579.15,579.1
580.1,580.1
580.2,580.1
580.3,580.1
580.4,580.1
580.5,580.1
580.6,580.1
580.7,580.1
580.8,580.1
580.9,580.1
580.10,580.1
581.1,581.1
581.2,581.1
581.3,581.1
581.4,581.1
581.5,581.1
581.6,581.1
581.7,581.1
581.8,581.1
581.9,581.1
581.10,581.1
581.11,581.1
581.12,581.1
581.13,581.1
581.14,581.1
581.15,581.1
582.1,582.1
582.2,582.1
582.3,582.1
582.4,582.1
582.5,582.1
582.6,582.1
582.7,582.1
582.8,582.1
582.9,582.1
583.1,583.1
583.2,583.1
584.1,584.1
584.2,584.1
584.3,584.1
584.4,584.1
584.5,584.1
584.6,584.1
584.7,584.1
584.8,584.1
584.9,584.1
584.10,584.1
584.11,584.1
584.12,584.1
585.1,585.1
585.2,585.1
585.3,585.1
585.4,585.1
585.5,585.1
585.6,585.1
585.7,585.1
585.8,585.1
585.9,585.1
585.10,585.1
586.1,586.1
586.2,586.1
586.3,586.1
586.4,586.1
586.5,586.1
586.6,586.1
587.1,587.1
587.2,587.1
588.1,588.1
588.2,588.1
588.3,588.1
588.4,588.1
588.5,588.1
588.6,588.1
588.7,588.1
588.8,588.1
589.1,589.1
589.2,589.1
589.3,589.1
589.4,589.1
589.5,589.1
590.1,590.1
590.2,590.1
590.3,590.1
591.1,591.1
591.2,591.1
591.3,591.1
592.1,592.1
592.2,592.1
592.3,592.1
592.4,592.1
592.5,592.1
592.6,592.1
592.7,592.1
592.8,592.1
593.1,593.1
593.2,593.1
593.3,593.1
593.4,593.1
593.5,593.1
593.6,593.1
593.7,593.1
594.1,594.1
595.1,595.1
595.2,595.1
595.3,595.1
595.4,595.1
595.5,595.1
595.6,595.1
595.7,595.1
595.8,595.1
596.1,596.1
596.2,596.1
596.3,596.1
596.4,596.1
596.5,596.1
596.6,596.1
596.7,596.1
597.1,597.1
597.2,597.1
597.3,597.1
597.4,597.1
598.1,598.1
598.2,598.1
598.3,598.1
598.4,598.1
598.5,598.1
598.6,598.1
599.1,599.1
600.1,600.1
600.2,600.1
601.1,601.1
601.2,601.1
601.3,601.1
601.4,601.1
601.5,601.1
601.6,601.1
601.7,601.1
602.1,602.1
602.2,602.1
602.3,602.1
602.4,602.1
602.5,602.1
602.6,602.1
602.7,602.1
603.1,603.1
604.1,604.1
604.2,604.1
604.3,604.1
604.4,604.1
605.1,605.1
605.2,605.1
605.3,605.1
606.1,606.1
606.2,606.1
606.3,606.1
607.1,607.1
608.1,608.1
608.2,608.1
608.3,608.1
608.4,608.1
608.5,608.1
608.6,608.1
608.7,608.1
609.1,609.1
609.2,609.1
609.3,609.1
609.4,609.1
609.5,609.1
609.6,609.1
610.1,610.1
610.2,610.1
611.1,611.1
611.2,611.1
611.3,611.1
611.4,611.1
611.5,611.1
611.6,611.1
612.1,612.1
612.2,612.1
612.3,612.1
612.4,612.1
612.5,612.1
613.1,613.1
613.2,613.1
613.3,613.1
613.4,613.1
613.5,613.1
613.6,613.1
613.7,613.1
613.8,613.1
614.1,614.1
615.1,615.1
615.2,615.1
615.3,615.1
615.4,615.1
615.5,615.1
615.6,615.1
615.7,615.1
615.8,615.1
615.9,615.1
616.1,616.1
616.2,616.1
616.3,616.1
616.4,616.1
616.5,616.1
617.1,617.1
617.2,617.1
617.3,617.1
617.4,617.1
617.5,617.1
617.6,617.1
617.7,617.1
618.1,618.1
618.2,618.1
618.3,618.1
618.4,618.1
618.5,618.1
618.6,618.1
618.7,618.1
618.8,618.1
619.1,619.1
619.2,619.1
619.3,619.1
619.4,619.1
620.1,620.1
620.2,620.1
621.1,621.1
621.2,621.1
622.1,622.1
622.2,622.1
622.3,622.1
622.4,622.1
622.5,622.1
622.6,622.1
622.7,622.1
622.8,622.1
622.9,622.1
623.1,623.1
623.2,623.1
623.3,623.1
623.4,623.1
623.5,623.1
623.6,623.1
623.7,623.1
623.8,623.1
624.1,624.1
624.2,624.1
624.3,624.1
624.4,624.1
624.5,624.1
624.6,624.1
624.7,624.1
624.8,624.1
624.9,624.1
624.10,624.1
624.11,624.1
625.1,625.1
625.2,625.1
625.3,625.1
625.4,625.1
626.1,626.1
626.2,626.1
626.3,626.1
626.4,626.1
627.1,627.1
627.2,627.1
627.3,627.1
627.4,627.1
627.5,627.1
627.6,627.1
627.7,627.1
628.1,628.1
628.2,628.1
628.3,628.1
628.4,628.1
629.1,629.1
629.2,629.1
629.3,629.1
629.4,629.1
630.1,630.1
630.2,630.1
631.1,631.1
631.2,631.1
631.3,631.1
631.4,631.1
631.5,631.1
632.1,632.1
632.2,632.1
632.3,632.1
633.1,633.1
633.2,633.1
633.3,633.1
634.1,634.1
634.2,634.1
634.3,634.1
634.4,634.1
634.5,634.1
634.6,634.1
635.1,635.1
635.2,635.1
635.3,635.1
635.4,635.1
635.5,635.1
635.6,635.1
635.7,635.1
635.8,635.1
635.9,635.1
635.10,635.1
635.11,635.1
635.12,635.1
636.1,636.1
636.2,636.1
636.3,636.1
636.4,636.1
637.1,637.1
637.2,637.1
637.3,637.1
637.4,637.1
637.5,637.1
637.6,637.1
638.1,638.1
638.2,638.1
638.3,638.1
638.4,638.1
638.5,638.1
638.6,638.1
638.7,638.1
639.1,639.1
640.1,640.1
640.2,640.1
640.3,640.1
640.4,640.1
641.1,641.1
641.2,641.1
642.1,642.1
642.2,642.1
642.3,642.1
642.4,642.1
643.1,643.1
643.2,643.1
643.3,643.1
643.4,643.1
643.5,643.1
644.1,644.1
644.2,644.1
644.3,644.1
644.4,644.1
644.5,644.1
644.6,644.1
644.7,644.1
644.8,644.1
644.9,644.1
645.1,645.1
645.2,645.1
645.3,645.1
645.4,645.1
646.1,646.1
646.2,646.1
646.3,646.1
646.4,646.1
646.5,646.1
646.6,646.1
646.7,646.1
647.1,647.1
647.2,647.1
647.3,647.1
648.1,648.1
649.1,649.1
649.2,649.1
649.3,649.1
649.4,649.1
650.1,650.1
650.2,650.1
651.1,651.1
651.2,651.1
651.3,651.1
651.4,651.1
651.5,651.1
651.6,651.1
651.7,651.1
652.1,652.1
652.2,652.1
652.3,652.1
652.4,652.1
653.1,653.1
653.2,653.1
654.1,654.1
654.2,654.1
654.3,654.1
655.1,655.1
655.2,655.1
656.1,656.1
656.2,656.1
657.1,657.1
657.2,657.1
657.3,657.1
657.4,657.1
657.5,657.1
657.6,657.1
657.7,657.1
658.1,658.1
658.2,658.1
658.3,658.1
658.4,658.1
659.1,659.1
659.2,659.1
659.3,659.1
659.4,659.1
659.5,659.1
660.1,660.1
660.2,660.1
660.3,660.1
660.4,660.1
661.1,661.1
661.2,661.1
661.3,661.1
661.4,661.1
661.5,661.1
661.6,661.1
661.7,661.1
661.8,661.1
661.9,661.1
662.1,662.1
662.2,662.1
662.3,662.1
662.4,662.1
663.1,663.1
663.2,663.1
663.3,663.1
663.4,663.1
663.5,663.1
664.1,664.1
664.2,664.1
664.3,664.1
664.4,664.1
664.5,664.1
664.6,664.1
665.1,665.1
665.2,665.1
665.3,665.1
666.1,666.1
666.2,666.1
666.3,666.1
666.4,666.1
666.5,666.1
667.1,667.1
667.2,667.1
667.3,667.1
667.4,667.1
667.5,667.1
667.6,667.1
668.1,668.1
668.2,668.1
668.3,668.1
668.4,668.1
668.5,668.1
669.1,669.1
669.2,669.1
670.1,670.1
670.2,670.1
670.3,670.1
671.1,671.1
671.2,671.1
671.3,671.1
671.4,671.1
671.5,671.1
672.1,672.1
672.2,672.1
672.3,672.1
672.4,672.1
673.1,673.1
673.2,673.1
673.3,673.1
673.4,673.1
673.5,673.1
673.6,673.1
674.1,674.1
674.2,674.1
674.3,674.1
674.4,674.1
674.5,674.1
675.1,675.1
675.2,675.1
675.3,675.1
675.4,675.1
676.1,676.1
676.2,676.1
676.3,676.1
677.1,677.1
677.2,677.1
677.3,677.1
677.4,677.1
678.1,678.1
678.2,678.1
678.3,678.1
678.4,678.1
678.5,678.1
678.6,678.1
678.7,678.1
678.8,678.1
678.9,678.1
678.10,678.1
678.11,678.1
678.12,678.1
679.1,679.1
679.2,679.1
679.3,679.1
679.4,679.1
679.5,679.1
679.6,679.1
680.1,680.1
680.2,680.1
680.3,680.1
680.4,680.1
680.5,680.1
681.1,681.1
681.2,681.1
681.3,681.1
681.4,681.1
681.5,681.1
681.6,681.1
681.7,681.1
681.8,681.1
681.9,681.1
681.10,681.1
681.11,681.1
682.1,682.1
682.2,682.1
682.3,682.1
682.4,682.1
682.5,682.1
682.6,682.1
682.7,682.1
683.1,683.1
684.1,684.1
684.2,684.1
684.3,684.1
684.4,684.1
684.5,684.1
684.6,684.1
684.7,684.1
684.8,684.1
684.9,684.1
685.1,685.1
685.2,685.1
685.3,685.1
685.4,685.1
685.5,685.1
685.6,685.1
685.7,685.1
685.8,685.1
685.9,685.1
685.10,685.1
686.1,686.1
686.2,686.1
686.3,686.1
686.4,686.1
686.5,686.1
686.6,686.1
687.1,687.1
687.2,687.1
687.3,687.1
687.4,687.1
687.5,687.1
688.1,688.1
688.2,688.1
688.3,688.1
688.4,688.1
688.5,688.1
688.6,688.1
688.7,688.1
688.8,688.1
688.9,688.1
688.10,688.1
689.1,689.1
689.2,689.1
689.3,689.1
689.4,689.1
689.5,689.1
689.6,689.1
689.7,689.1
689.8,689.1
689.9,689.1
689.10,689.1
689.11,689.1
690.1,690.1
690.2,690.1
690.3,690.1
690.4,690.1
690.5,690.1
690.6,690.1
690.7,690.1
691.1,691.1
691.2,691.1
691.3,691.1
691.4,691.1
692.1,692.1
692.2,692.1
692.3,692.1
693.1,693.1
