RecID,IdTruth
1.1,1.1
1.2,1.1
1.3,1.1
1.4,1.1
1.5,1.1
1.6,1.1
1.7,1.1
1.8,1.1
1.9,1.1
1.10,1.1
1.11,1.1
1.12,1.1
1.13,1.1
1.14,1.1
1.15,1.1
1.16,1.1
2.1,2.1
2.2,2.1
2.3,2.1
2.4,2.1
2.5,2.1
3.1,3.1
3.2,3.1
3.3,3.1
3.4,3.1
3.5,3.1
3.6,3.1
3.7,3.1
3.8,3.1
3.9,3.1
3.10,3.1
3.11,3.1
3.12,3.1
3.13,3.1
3.14,3.1
3.15,3.1
4.1,4.1
4.2,4.1
5.1,5.1
5.2,5.1
5.3,5.1
5.4,5.1
5.5,5.1
5.6,5.1
5.7,5.1
5.8,5.1
5.9,5.1
5.10,5.1
5.11,5.1
5.12,5.1
5.13,5.1
6.1,6.1
6.2,6.1
6.3,6.1
6.4,6.1
6.5,6.1
6.6,6.1
6.7,6.1
6.8,6.1
7.1,7.1
7.2,7.1
7.3,7.1
7.4,7.1
7.5,7.1
7.6,7.1
7.7,7.1
7.8,7.1
7.9,7.1
7.10,7.1
7.11,7.1
7.12,7.1
7.13,7.1
8.1,8.1
8.2,8.1
8.3,8.1
8.4,8.1
8.5,8.1
8.6,8.1
8.7,8.1
8.8,8.1
8.9,8.1
8.10,8.1
8.11,8.1
9.1,9.1
9.2,9.1
9.3,9.1
9.4,9.1
9.5,9.1
9.6,9.1
9.7,9.1
9.8,9.1
9.9,9.1
9.10,9.1
9.11,9.1
9.12,9.1
9.13,9.1
9.14,9.1
10.1,10.1
10.2,10.1
10.3,10.1
10.4,10.1
10.5,10.1
10.6,10.1
11.1,11.1
11.2,11.1
11.3,11.1
11.4,11.1
12.1,12.1
12.2,12.1
12.3,12.1
12.4,12.1
12.5,12.1
12.6,12.1
12.7,12.1
12.8,12.1
12.9,12.1
12.10,12.1
12.11,12.1
12.12,12.1
12.13,12.1
13.1,13.1
13.2,13.1
13.3,13.1
13.4,13.1
13.5,13.1
13.6,13.1
13.7,13.1
13.8,13.1
13.9,13.1
13.10,13.1
13.11,13.1
14.1,14.1
14.2,14.1
14.3,14.1
14.4,14.1
14.5,14.1
14.6,14.1
14.7,14.1
14.8,14.1
14.9,14.1
14.10,14.1
15.1,15.1
15.2,15.1
15.3,15.1
15.4,15.1
15.5,15.1
16.1,16.1
16.2,16.1
16.3,16.1
17.1,17.1
17.2,17.1
17.3,17.1
17.4,17.1
17.5,17.1
17.6,17.1
18.1,18.1
18.2,18.1
18.3,18.1
18.4,18.1
18.5,18.1
18.6,18.1
18.7,18.1
19.1,19.1
19.2,19.1
19.3,19.1
19.4,19.1
19.5,19.1
19.6,19.1
19.7,19.1
19.8,19.1
19.9,19.1
19.10,19.1
20.1,20.1
20.2,20.1
20.3,20.1
20.4,20.1
20.5,20.1
20.6,20.1
20.7,20.1
20.8,20.1
20.9,20.1
20.10,20.1
20.11,20.1
20.12,20.1
20.13,20.1
21.1,21.1
21.2,21.1
21.3,21.1
21.4,21.1
21.5,21.1
21.6,21.1
21.7,21.1
21.8,21.1
21.9,21.1
21.10,21.1
21.11,21.1
21.12,21.1
21.13,21.1
22.1,22.1
22.2,22.1
22.3,22.1
22.4,22.1
22.5,22.1
22.6,22.1
22.7,22.1
22.8,22.1
22.9,22.1
22.10,22.1
22.11,22.1
22.12,22.1
23.1,23.1
23.2,23.1
23.3,23.1
23.4,23.1
23.5,23.1
23.6,23.1
23.7,23.1
23.8,23.1
23.9,23.1
23.10,23.1
23.11,23.1
23.12,23.1
23.13,23.1
23.14,23.1
23.15,23.1
23.16,23.1
23.17,23.1
23.18,23.1
23.19,23.1
24.1,24.1
24.2,24.1
24.3,24.1
24.4,24.1
24.5,24.1
24.6,24.1
24.7,24.1
25.1,25.1
25.2,25.1
25.3,25.1
25.4,25.1
25.5,25.1
25.6,25.1
25.7,25.1
25.8,25.1
25.9,25.1
25.10,25.1
26.1,26.1
26.2,26.1
26.3,26.1
26.4,26.1
26.5,26.1
26.6,26.1
26.7,26.1
27.1,27.1
27.2,27.1
27.3,27.1
27.4,27.1
27.5,27.1
27.6,27.1
27.7,27.1
27.8,27.1
27.9,27.1
27.10,27.1
27.11,27.1
27.12,27.1
27.13,27.1
27.14,27.1
27.15,27.1
27.16,27.1
27.17,27.1
27.18,27.1
27.19,27.1
28.1,28.1
28.2,28.1
28.3,28.1
28.4,28.1
28.5,28.1
29.1,29.1
29.2,29.1
29.3,29.1
29.4,29.1
29.5,29.1
29.6,29.1
29.7,29.1
29.8,29.1
29.9,29.1
29.10,29.1
29.11,29.1
29.12,29.1
29.13,29.1
29.14,29.1
29.15,29.1
30.1,30.1
30.2,30.1
30.3,30.1
30.4,30.1
30.5,30.1
30.6,30.1
30.7,30.1
30.8,30.1
30.9,30.1
30.10,30.1
30.11,30.1
30.12,30.1
30.13,30.1
30.14,30.1
30.15,30.1
30.16,30.1
30.17,30.1
30.18,30.1
30.19,30.1
30.20,30.1
30.21,30.1
30.22,30.1
30.23,30.1
30.24,30.1
30.25,30.1
30.26,30.1
30.27,30.1
30.28,30.1
30.29,30.1
30.30,30.1
30.31,30.1
30.32,30.1
30.33,30.1
30.34,30.1
30.35,30.1
31.1,31.1
31.2,31.1
31.3,31.1
31.4,31.1
31.5,31.1
31.6,31.1
32.1,32.1
32.2,32.1
32.3,32.1
32.4,32.1
33.1,33.1
33.2,33.1
34.1,34.1
34.2,34.1
34.3,34.1
34.4,34.1
34.5,34.1
34.6,34.1
34.7,34.1
34.8,34.1
34.9,34.1
34.10,34.1
35.1,35.1
35.2,35.1
35.3,35.1
35.4,35.1
35.5,35.1
35.6,35.1
35.7,35.1
35.8,35.1
35.9,35.1
35.10,35.1
35.11,35.1
35.12,35.1
35.13,35.1
35.14,35.1
36.1,36.1
36.2,36.1
36.3,36.1
36.4,36.1
36.5,36.1
36.6,36.1
36.7,36.1
37.1,37.1
37.2,37.1
37.3,37.1
37.4,37.1
37.5,37.1
38.1,38.1
38.2,38.1
38.3,38.1
38.4,38.1
38.5,38.1
38.6,38.1
38.7,38.1
38.8,38.1
39.1,39.1
39.2,39.1
39.3,39.1
40.1,40.1
40.2,40.1
40.3,40.1
40.4,40.1
40.5,40.1
40.6,40.1
40.7,40.1
40.8,40.1
40.9,40.1
40.10,40.1
40.11,40.1
40.12,40.1
40.13,40.1
40.14,40.1
40.15,40.1
40.16,40.1
40.17,40.1
41.1,41.1
41.2,41.1
41.3,41.1
41.4,41.1
41.5,41.1
41.6,41.1
41.7,41.1
41.8,41.1
41.9,41.1
41.10,41.1
41.11,41.1
41.12,41.1
41.13,41.1
41.14,41.1
41.15,41.1
41.16,41.1
41.17,41.1
42.1,42.1
42.2,42.1
42.3,42.1
42.4,42.1
42.5,42.1
42.6,42.1
42.7,42.1
42.8,42.1
42.9,42.1
42.10,42.1
42.11,42.1
42.12,42.1
42.13,42.1
42.14,42.1
43.1,43.1
43.2,43.1
43.3,43.1
43.4,43.1
43.5,43.1
43.6,43.1
43.7,43.1
43.8,43.1
43.9,43.1
44.1,44.1
44.2,44.1
44.3,44.1
44.4,44.1
44.5,44.1
45.1,45.1
45.2,45.1
45.3,45.1
45.4,45.1
45.5,45.1
45.6,45.1
46.1,46.1
46.2,46.1
46.3,46.1
46.4,46.1
46.5,46.1
46.6,46.1
46.7,46.1
47.1,47.1
47.2,47.1
47.3,47.1
47.4,47.1
47.5,47.1
47.6,47.1
47.7,47.1
48.1,48.1
48.2,48.1
48.3,48.1
48.4,48.1
48.5,48.1
48.6,48.1
48.7,48.1
48.8,48.1
48.9,48.1
48.10,48.1
49.1,49.1
49.2,49.1
49.3,49.1
49.4,49.1
49.5,49.1
49.6,49.1
49.7,49.1
49.8,49.1
49.9,49.1
50.1,50.1
50.2,50.1
50.3,50.1
50.4,50.1
50.5,50.1
50.6,50.1
50.7,50.1
50.8,50.1
50.9,50.1
51.1,51.1
51.2,51.1
51.3,51.1
51.4,51.1
51.5,51.1
51.6,51.1
51.7,51.1
51.8,51.1
51.9,51.1
51.10,51.1
51.11,51.1
51.12,51.1
52.1,52.1
52.2,52.1
52.3,52.1
52.4,52.1
52.5,52.1
52.6,52.1
52.7,52.1
52.8,52.1
53.1,53.1
53.2,53.1
53.3,53.1
53.4,53.1
53.5,53.1
54.1,54.1
54.2,54.1
54.3,54.1
54.4,54.1
54.5,54.1
54.6,54.1
54.7,54.1
54.8,54.1
55.1,55.1
55.2,55.1
55.3,55.1
55.4,55.1
55.5,55.1
55.6,55.1
55.7,55.1
55.8,55.1
55.9,55.1
55.10,55.1
55.11,55.1
55.12,55.1
56.1,56.1
56.2,56.1
56.3,56.1
56.4,56.1
56.5,56.1
56.6,56.1
56.7,56.1
56.8,56.1
56.9,56.1
57.1,57.1
57.2,57.1
57.3,57.1
57.4,57.1
57.5,57.1
57.6,57.1
57.7,57.1
57.8,57.1
57.9,57.1
58.1,58.1
58.2,58.1
58.3,58.1
58.4,58.1
58.5,58.1
58.6,58.1
58.7,58.1
58.8,58.1
58.9,58.1
59.1,59.1
59.2,59.1
59.3,59.1
60.1,60.1
60.2,60.1
60.3,60.1
60.4,60.1
60.5,60.1
60.6,60.1
60.7,60.1
60.8,60.1
60.9,60.1
60.10,60.1
60.11,60.1
60.12,60.1
60.13,60.1
61.1,61.1
61.2,61.1
61.3,61.1
61.4,61.1
61.5,61.1
61.6,61.1
61.7,61.1
61.8,61.1
61.9,61.1
61.10,61.1
61.11,61.1
61.12,61.1
61.13,61.1
61.14,61.1
62.1,62.1
62.2,62.1
62.3,62.1
62.4,62.1
62.5,62.1
62.6,62.1
62.7,62.1
62.8,62.1
62.9,62.1
62.10,62.1
62.11,62.1
63.1,63.1
63.2,63.1
63.3,63.1
63.4,63.1
64.1,64.1
64.2,64.1
64.3,64.1
64.4,64.1
64.5,64.1
64.6,64.1
64.7,64.1
64.8,64.1
64.9,64.1
64.10,64.1
65.1,65.1
65.2,65.1
65.3,65.1
65.4,65.1
65.5,65.1
65.6,65.1
65.7,65.1
65.8,65.1
65.9,65.1
65.10,65.1
65.11,65.1
65.12,65.1
65.13,65.1
65.14,65.1
65.15,65.1
65.16,65.1
66.1,66.1
66.2,66.1
66.3,66.1
66.4,66.1
66.5,66.1
66.6,66.1
66.7,66.1
66.8,66.1
66.9,66.1
66.10,66.1
67.1,67.1
67.2,67.1
67.3,67.1
67.4,67.1
67.5,67.1
67.6,67.1
67.7,67.1
67.8,67.1
67.9,67.1
67.10,67.1
68.1,68.1
68.2,68.1
68.3,68.1
68.4,68.1
68.5,68.1
69.1,69.1
69.2,69.1
69.3,69.1
69.4,69.1
70.1,70.1
70.2,70.1
70.3,70.1
70.4,70.1
70.5,70.1
70.6,70.1
70.7,70.1
70.8,70.1
70.9,70.1
70.10,70.1
71.1,71.1
71.2,71.1
71.3,71.1
71.4,71.1
71.5,71.1
71.6,71.1
71.7,71.1
72.1,72.1
72.2,72.1
72.3,72.1
72.4,72.1
72.5,72.1
72.6,72.1
72.7,72.1
72.8,72.1
73.1,73.1
73.2,73.1
73.3,73.1
74.1,74.1
74.2,74.1
74.3,74.1
74.4,74.1
74.5,74.1
74.6,74.1
74.7,74.1
74.8,74.1
74.9,74.1
74.10,74.1
74.11,74.1
74.12,74.1
74.13,74.1
74.14,74.1
74.15,74.1
74.16,74.1
74.17,74.1
74.18,74.1
74.19,74.1
75.1,75.1
75.2,75.1
75.3,75.1
75.4,75.1
75.5,75.1
75.6,75.1
75.7,75.1
75.8,75.1
75.9,75.1
75.10,75.1
75.11,75.1
75.12,75.1
75.13,75.1
75.14,75.1
75.15,75.1
75.16,75.1
75.17,75.1
75.18,75.1
75.19,75.1
76.1,76.1
76.2,76.1
76.3,76.1
76.4,76.1
76.5,76.1
76.6,76.1
77.1,77.1
77.2,77.1
77.3,77.1
77.4,77.1
77.5,77.1
77.6,77.1
77.7,77.1
77.8,77.1
78.1,78.1
78.2,78.1
78.3,78.1
78.4,78.1
78.5,78.1
78.6,78.1
78.7,78.1
78.8,78.1
79.1,79.1
79.2,79.1
79.3,79.1
79.4,79.1
79.5,79.1
79.6,79.1
79.7,79.1
79.8,79.1
80.1,80.1
80.2,80.1
80.3,80.1
80.4,80.1
80.5,80.1
80.6,80.1
80.7,80.1
81.1,81.1
81.2,81.1
81.3,81.1
81.4,81.1
81.5,81.1
81.6,81.1
81.7,81.1
82.1,82.1
82.2,82.1
82.3,82.1
82.4,82.1
83.1,83.1
83.2,83.1
83.3,83.1
83.4,83.1
83.5,83.1
83.6,83.1
83.7,83.1
83.8,83.1
83.9,83.1
84.1,84.1
84.2,84.1
84.3,84.1
84.4,84.1
84.5,84.1
84.6,84.1
84.7,84.1
84.8,84.1
84.9,84.1
84.10,84.1
84.11,84.1
84.12,84.1
84.13,84.1
84.14,84.1
84.15,84.1
85.1,85.1
85.2,85.1
85.3,85.1
85.4,85.1
85.5,85.1
85.6,85.1
85.7,85.1
85.8,85.1
85.9,85.1
86.1,86.1
86.2,86.1
86.3,86.1
86.4,86.1
86.5,86.1
86.6,86.1
86.7,86.1
86.8,86.1
86.9,86.1
86.10,86.1
86.11,86.1
86.12,86.1
87.1,87.1
87.2,87.1
87.3,87.1
87.4,87.1
87.5,87.1
87.6,87.1
87.7,87.1
87.8,87.1
87.9,87.1
87.10,87.1
87.11,87.1
88.1,88.1
88.2,88.1
88.3,88.1
88.4,88.1
88.5,88.1
88.6,88.1
88.7,88.1
88.8,88.1
88.9,88.1
88.10,88.1
88.11,88.1
89.1,89.1
89.2,89.1
89.3,89.1
89.4,89.1
89.5,89.1
89.6,89.1
89.7,89.1
89.8,89.1
90.1,90.1
90.2,90.1
90.3,90.1
90.4,90.1
90.5,90.1
90.6,90.1
90.7,90.1
90.8,90.1
91.1,91.1
91.2,91.1
91.3,91.1
91.4,91.1
91.5,91.1
91.6,91.1
91.7,91.1
91.8,91.1
92.1,92.1
92.2,92.1
92.3,92.1
92.4,92.1
92.5,92.1
92.6,92.1
92.7,92.1
92.8,92.1
93.1,93.1
93.2,93.1
93.3,93.1
93.4,93.1
94.1,94.1
94.2,94.1
94.3,94.1
94.4,94.1
94.5,94.1
94.6,94.1
94.7,94.1
94.8,94.1
94.9,94.1
94.10,94.1
94.11,94.1
94.12,94.1
94.13,94.1
94.14,94.1
94.15,94.1
94.16,94.1
94.17,94.1
94.18,94.1
94.19,94.1
94.20,94.1
94.21,94.1
95.1,95.1
95.2,95.1
95.3,95.1
95.4,95.1
95.5,95.1
95.6,95.1
95.7,95.1
95.8,95.1
95.9,95.1
95.10,95.1
96.1,96.1
96.2,96.1
96.3,96.1
96.4,96.1
96.5,96.1
96.6,96.1
96.7,96.1
96.8,96.1
96.9,96.1
96.10,96.1
96.11,96.1
96.12,96.1
96.13,96.1
96.14,96.1
96.15,96.1
96.16,96.1
96.17,96.1
96.18,96.1
96.19,96.1
97.1,97.1
97.2,97.1
97.3,97.1
97.4,97.1
97.5,97.1
97.6,97.1
97.7,97.1
97.8,97.1
97.9,97.1
97.10,97.1
97.11,97.1
97.12,97.1
97.13,97.1
97.14,97.1
97.15,97.1
97.16,97.1
97.17,97.1
97.18,97.1
98.1,98.1
98.2,98.1
98.3,98.1
98.4,98.1
98.5,98.1
98.6,98.1
99.1,99.1
99.2,99.1
99.3,99.1
99.4,99.1
99.5,99.1
99.6,99.1
99.7,99.1
100.1,100.1
100.2,100.1
100.3,100.1
100.4,100.1
100.5,100.1
100.6,100.1
100.7,100.1
100.8,100.1
100.9,100.1
100.10,100.1
100.11,100.1
100.12,100.1
100.13,100.1
100.14,100.1
100.15,100.1
100.16,100.1
100.17,100.1
100.18,100.1
