recid1,recid2
1.1,1.3
1.3,1.4
1.4,1.8
1.8,1.2
1.2,1.5
1.5,1.6
1.6,1.7
1.7,1.9
1.9,1.10
2.3,2.2
2.2,2.1
2.1,2.4
2.4,2.5
2.5,2.6
2.6,2.7
2.7,2.8
3.3,3.1
3.1,3.2
3.2,3.4
3.4,3.5
3.5,3.6
3.6,3.8
3.8,3.7
4.3,4.4
4.4,4.6
4.6,4.7
4.7,4.2
4.2,4.5
4.5,4.1
6.5,6.17
6.17,6.1
6.1,6.18
6.18,6.10
6.10,6.2
6.2,6.4
6.4,6.8
6.8,6.11
6.11,6.14
6.14,6.15
6.15,6.3
6.3,6.6
6.6,6.7
6.7,6.13
6.13,6.16
6.12,6.9
7.3,7.1
7.1,7.2
7.2,7.4
8.18,8.9
8.9,8.17
8.17,8.6
8.6,8.11
8.11,8.13
8.13,8.2
8.2,8.4
8.4,8.5
8.5,8.7
8.7,8.3
8.3,8.10
8.10,8.12
8.12,8.14
8.14,8.16
8.16,8.19
8.19,8.8
8.8,8.1
8.1,8.15
9.1,9.10
9.10,9.11
9.11,9.4
9.4,9.5
9.5,9.8
9.8,9.9
9.9,9.7
9.7,9.3
9.3,9.2
9.2,9.6
10.3,10.1
10.1,10.2
11.1,11.2
11.2,11.4
11.4,11.5
11.5,11.6
11.6,11.8
11.8,11.3
11.3,11.7
12.4,12.7
12.7,12.1
12.1,12.2
12.2,12.3
12.3,12.5
12.5,12.6
12.6,12.8
13.1,13.2
13.2,13.3
13.3,13.4
13.4,13.5
13.5,13.6
13.6,13.7
14.6,14.1
14.1,14.3
14.3,14.4
14.4,14.5
14.5,14.7
14.7,14.8
14.8,14.2
15.1,15.2
15.2,15.4
15.4,15.3
16.16,16.12
16.12,16.2
16.2,16.3
16.3,16.4
16.4,16.7
16.7,16.9
16.9,16.10
16.10,16.15
16.15,16.11
16.11,16.17
16.17,16.19
16.19,16.21
16.21,16.14
16.14,16.20
16.20,16.1
16.1,16.13
16.13,16.18
16.18,16.5
16.5,16.6
16.6,16.8
17.1,17.2
17.2,17.3
17.3,17.6
17.6,17.7
17.7,17.8
17.8,17.4
17.4,17.5
18.3,18.1
18.1,18.2
18.2,18.4
18.4,18.5
18.5,18.6
18.6,18.7
19.10,19.2
19.2,19.3
19.3,19.4
19.4,19.7
19.7,19.9
19.9,19.5
19.5,19.6
19.6,19.1
19.1,19.8
20.1,20.3
20.3,20.4
20.4,20.5
20.5,20.2
21.2,21.3
21.3,21.5
21.5,21.6
21.6,21.1
21.1,21.10
21.10,21.4
21.4,21.7
21.7,21.8
21.8,21.9
22.2,22.3
22.3,22.5
22.5,22.6
22.6,22.7
22.7,22.8
22.8,22.1
22.1,22.4
23.12,23.5
23.5,23.1
23.1,23.10
23.10,23.13
23.13,23.14
23.14,23.6
23.6,23.9
23.9,23.11
23.11,23.15
23.15,23.3
23.3,23.4
23.4,23.7
23.7,23.8
23.8,23.2
24.11,24.12
24.12,24.14
24.14,24.17
24.17,24.3
24.3,24.4
24.4,24.5
24.5,24.6
24.6,24.13
24.13,24.8
24.8,24.16
24.16,24.1
24.1,24.10
24.10,24.18
24.18,24.20
24.20,24.21
24.21,24.9
24.9,24.19
24.19,24.2
24.2,24.15
24.15,24.7
25.5,25.11
25.11,25.7
25.7,25.12
25.12,25.10
25.10,25.1
25.1,25.2
25.2,25.3
25.3,25.4
25.4,25.6
25.6,25.8
25.8,25.9
26.4,26.1
26.1,26.2
26.2,26.3
26.3,26.5
27.1,27.3
27.3,27.2
28.1,28.12
28.12,28.2
28.2,28.5
28.5,28.6
28.6,28.9
28.9,28.10
28.10,28.11
28.11,28.7
28.7,28.8
28.8,28.3
28.3,28.4
29.10,29.8
29.8,29.4
29.4,29.1
29.1,29.11
29.11,29.12
29.12,29.2
29.2,29.7
29.7,29.9
29.9,29.13
29.13,29.3
29.3,29.5
29.5,29.6
30.3,30.12
30.12,30.9
30.9,30.13
30.13,30.4
30.4,30.6
30.6,30.8
30.8,30.7
30.7,30.1
30.1,30.10
30.10,30.11
30.11,30.14
30.14,30.2
30.2,30.5
31.2,31.1
31.1,31.3
31.3,31.4
31.4,31.5
32.1,32.5
32.5,32.2
32.2,32.3
32.3,32.4
33.4,33.3
33.3,33.5
33.5,33.6
33.6,33.1
33.1,33.2
33.2,33.7
34.1,34.2
35.1,35.2
35.2,35.3
35.3,35.4
35.4,35.5
35.5,35.6
36.2,36.1
36.1,36.3
37.2,37.1
37.1,37.3
37.3,37.4
38.2,38.3
38.3,38.1
38.1,38.4
38.4,38.5
38.5,38.6
39.1,39.10
39.10,39.3
39.3,39.7
39.7,39.2
39.2,39.4
39.4,39.5
39.5,39.6
39.6,39.8
39.8,39.9
40.4,40.5
40.5,40.3
40.3,40.2
40.2,40.7
40.7,40.6
40.6,40.1
41.11,41.14
41.14,41.2
41.2,41.22
41.22,41.3
41.3,41.9
41.9,41.10
41.10,41.12
41.12,41.16
41.16,41.8
41.8,41.18
41.18,41.21
41.21,41.13
41.13,41.15
41.15,41.17
41.17,41.20
41.20,41.5
41.5,41.6
41.6,41.1
41.1,41.19
41.19,41.4
41.4,41.7
42.1,42.4
42.4,42.7
42.7,42.3
42.3,42.17
42.17,42.10
42.10,42.12
42.12,42.13
42.13,42.14
42.14,42.8
42.8,42.9
42.9,42.11
42.11,42.15
42.15,42.16
42.16,42.2
42.2,42.5
42.5,42.6
43.3,43.2
43.2,43.1
43.1,43.4
44.12,44.13
44.13,44.17
44.17,44.3
44.3,44.5
44.5,44.6
44.6,44.4
44.4,44.2
44.2,44.8
44.8,44.9
44.9,44.1
44.1,44.14
44.14,44.19
44.19,44.21
44.21,44.16
44.16,44.18
44.18,44.20
44.20,44.7
44.7,44.11
44.11,44.15
44.15,44.10
45.1,45.2
45.2,45.3
45.3,45.4
45.4,45.5
45.5,45.6
45.6,45.7
45.7,45.8
46.2,46.3
46.3,46.1
47.10,47.2
47.2,47.5
47.5,47.3
47.3,47.1
47.1,47.7
47.7,47.4
47.4,47.6
47.6,47.8
47.8,47.9
47.9,47.11
48.2,48.1
48.1,48.10
48.10,48.3
48.3,48.4
48.4,48.5
48.5,48.7
48.7,48.11
48.11,48.12
48.12,48.13
48.13,48.6
48.6,48.8
48.8,48.9
49.1,49.2
50.2,50.3
50.3,50.4
50.4,50.5
51.5,51.2
51.2,51.3
51.3,51.6
51.6,51.7
51.7,51.1
51.1,51.4
52.2,52.6
52.6,52.1
52.1,52.3
52.3,52.5
52.5,52.4
53.2,53.4
53.4,53.3
53.3,53.1
54.16,54.11
54.11,54.13
54.13,54.17
54.17,54.21
54.21,54.24
54.24,54.4
54.4,54.15
54.15,54.2
54.2,54.20
54.20,54.8
54.8,54.1
54.1,54.10
54.10,54.12
54.12,54.19
54.19,54.23
54.23,54.5
54.5,54.14
54.14,54.18
54.18,54.22
54.22,54.3
54.3,54.6
54.6,54.7
54.7,54.9
54.9,54.25
55.4,55.6
55.6,55.1
55.1,55.2
55.2,55.3
55.3,55.5
55.5,55.7
55.7,55.8
56.4,56.5
56.5,56.3
56.3,56.2
56.2,56.1
56.1,56.6
57.5,57.3
57.3,57.4
57.4,57.1
57.1,57.2
57.2,57.6
58.9,58.2
58.2,58.4
58.4,58.7
58.7,58.8
58.8,58.3
58.3,58.1
58.1,58.5
58.5,58.6
60.1,60.3
60.3,59.2
59.2,60.4
60.4,59.1
59.1,60.2
61.10,61.2
61.2,61.3
61.3,61.4
61.4,61.7
61.7,61.8
61.8,61.5
61.5,61.1
61.1,61.12
61.12,61.6
61.6,61.9
61.9,61.11
62.11,62.15
62.15,62.17
62.17,62.2
62.2,62.26
62.26,62.9
62.9,62.7
62.7,62.4
62.4,62.16
62.16,62.20
62.20,62.21
62.21,62.27
62.27,62.3
62.3,62.5
62.5,62.1
62.1,62.12
62.12,62.18
62.18,62.19
62.19,62.24
62.24,62.25
62.25,62.6
62.6,62.13
62.13,62.14
62.14,62.22
62.22,62.23
62.23,62.28
62.28,62.8
62.8,62.10
63.1,63.10
63.10,63.3
63.3,63.4
63.4,63.5
63.5,63.7
63.7,63.2
63.2,63.9
63.9,63.6
63.6,63.8
64.16,64.18
64.18,64.7
64.7,64.9
64.9,64.1
64.1,64.13
64.13,64.19
64.19,64.4
64.4,64.5
64.5,64.8
64.8,64.10
64.10,64.12
64.12,64.3
64.3,64.6
64.6,64.11
64.11,64.14
64.14,64.15
64.15,64.2
64.2,64.20
64.20,64.21
64.21,64.17
65.1,65.14
65.14,65.15
65.15,65.5
65.5,65.8
65.8,65.9
65.9,65.16
65.16,65.10
65.10,65.4
65.4,65.13
65.13,65.2
65.2,65.6
65.6,65.3
65.3,65.11
65.11,65.7
65.7,65.12
66.2,66.7
66.7,66.11
66.11,66.3
66.3,66.4
66.4,66.6
66.6,66.8
66.8,66.9
66.9,66.1
66.1,66.10
66.10,66.12
66.12,66.5
67.1,67.10
67.10,67.2
67.2,67.3
67.3,67.7
67.7,67.8
67.4,67.6
67.11,67.5
67.5,67.9
68.6,68.3
68.3,68.8
68.8,68.9
68.9,68.11
68.11,68.4
68.4,68.5
68.5,68.7
68.7,68.10
68.10,68.2
68.2,68.1
69.3,69.1
69.1,69.2
69.2,69.4
69.4,69.5
69.5,69.6
69.6,69.7
69.7,69.8
70.1,70.8
70.8,70.6
70.6,70.10
70.10,70.3
70.3,70.4
70.4,70.5
70.5,70.7
70.7,70.9
70.9,70.2
70.2,70.11
71.1,71.3
71.3,71.4
71.4,71.7
71.7,71.5
71.5,71.2
71.2,71.6
72.3,72.4
72.4,72.2
72.2,72.1
73.12,73.3
73.3,73.10
73.10,73.4
73.4,73.13
73.13,73.6
73.6,73.2
73.2,73.7
73.7,73.9
73.9,73.1
73.1,73.11
73.11,73.5
73.5,73.8
74.5,74.1
74.1,74.2
74.2,74.8
74.8,74.3
74.3,74.7
74.7,74.9
74.9,74.4
74.4,74.6
75.1,75.10
75.10,75.11
75.11,75.12
75.12,75.3
75.3,75.4
75.4,75.6
75.6,75.9
75.9,75.2
75.2,75.5
75.5,75.7
75.7,75.8
76.4,76.2
76.2,76.5
76.5,76.1
76.1,76.3
77.1,77.4
77.4,77.2
77.2,77.3
78.2,78.4
78.4,78.3
78.3,78.1
78.1,78.5
79.9,79.3
79.3,79.5
79.5,79.1
79.1,79.2
79.2,79.4
79.4,79.6
79.6,79.7
79.7,79.8
80.2,80.1
81.1,81.2
81.2,81.3
81.3,81.4
81.4,81.6
81.6,81.8
81.8,81.9
81.9,81.5
81.5,81.7
81.7,81.10
82.1,82.11
82.11,82.4
82.4,82.7
82.7,82.10
82.10,82.2
82.2,82.3
82.3,82.5
82.5,82.8
82.8,82.9
82.9,82.6
83.2,83.3
83.3,83.10
83.10,83.4
83.4,83.5
83.5,83.6
83.6,83.1
83.1,83.8
83.8,83.7
83.7,83.9
84.1,84.11
84.11,84.14
84.14,84.15
84.15,84.2
84.2,84.3
84.3,84.10
84.10,84.6
84.6,84.12
84.12,84.13
84.13,84.4
84.4,84.7
84.7,84.5
84.5,84.9
84.9,84.8
85.1,85.7
85.7,85.10
85.10,85.13
85.13,85.16
85.16,85.5
85.5,85.11
85.11,85.12
85.12,85.21
85.21,85.22
85.22,85.25
85.25,85.4
85.4,85.3
85.3,85.19
85.19,85.9
85.2,85.24
85.14,85.6
85.17,85.8
85.15,85.20
85.18,85.23
86.8,86.3
86.3,86.1
86.1,86.10
86.10,86.2
86.2,86.4
86.4,86.6
86.6,86.7
86.7,86.5
86.5,86.9
87.4,87.1
87.1,87.8
87.8,87.2
87.2,87.3
87.3,87.5
87.5,87.6
87.6,87.7
87.7,87.9
87.9,87.10
88.1,88.2
88.2,88.4
88.4,88.3
89.8,89.1
89.1,89.5
89.5,89.10
89.10,89.3
89.3,89.4
89.4,89.6
89.6,89.7
89.7,89.9
89.9,89.2
90.1,90.4
90.4,90.2
90.2,90.3
90.3,90.6
90.6,90.7
90.7,90.8
90.8,90.9
90.9,90.5
91.11,91.14
91.14,91.16
91.16,91.4
91.4,91.9
91.9,91.13
91.13,91.2
91.2,91.3
91.3,91.7
91.7,91.8
91.8,91.5
91.5,91.15
91.15,91.10
91.10,91.6
91.6,91.1
91.1,91.17
91.17,91.12
92.6,92.13
92.13,92.15
92.15,92.2
92.2,92.3
92.3,92.4
92.4,92.7
92.7,92.10
92.10,92.11
92.11,92.14
92.14,92.9
92.9,92.12
92.12,92.5
92.5,92.1
92.1,92.8
93.17,93.19
93.19,93.20
93.20,93.21
93.21,93.22
93.22,93.8
93.8,93.23
93.23,93.16
93.16,93.5
93.5,93.11
93.11,93.14
93.14,93.18
93.18,93.2
93.2,93.3
93.3,93.6
93.6,93.1
93.1,93.10
93.10,93.12
93.12,93.15
93.15,93.4
93.4,93.9
93.9,93.13
93.13,93.7
94.8,94.6
94.6,94.1
94.1,94.2
94.2,94.3
94.3,94.4
94.4,94.5
94.5,94.9
94.9,94.7
95.3,95.4
95.4,95.5
95.5,95.6
95.6,95.1
95.1,95.2
96.10,96.7
96.7,96.9
96.9,96.1
96.1,96.2
96.2,96.3
96.3,96.5
96.5,96.6
96.6,96.8
96.8,96.4
97.1,97.2
97.2,97.5
97.5,97.8
97.8,97.9
97.9,97.10
97.10,97.12
97.12,97.13
97.13,97.14
97.14,97.4
97.4,97.6
97.6,97.11
97.11,97.3
97.3,97.7
98.7,98.1
98.1,98.2
98.2,98.3
98.3,98.5
98.5,98.8
98.8,98.4
98.4,98.6
99.1,99.3
99.3,99.4
99.4,99.2
100.1,100.12
100.12,100.13
100.13,100.2
100.2,100.6
100.6,100.8
100.8,100.10
100.10,100.3
100.3,100.5
100.5,100.9
100.9,100.4
100.4,100.11
100.11,100.7
