RecID,IdTruth
1.1,1.1
1.2,1.1
1.3,1.1
1.4,1.1
1.5,1.1
1.6,1.1
1.7,1.1
1.8,1.1
1.9,1.1
1.10,1.1
1.11,1.1
1.12,1.1
1.13,1.1
1.14,1.1
2.1,2.1
2.2,2.1
2.3,2.1
2.4,2.1
2.5,2.1
2.6,2.1
2.7,2.1
2.8,2.1
2.9,2.1
2.10,2.1
3.1,3.1
3.2,3.1
3.3,3.1
3.4,3.1
3.5,3.1
3.6,3.1
3.7,3.1
3.8,3.1
3.9,3.1
3.10,3.1
4.1,4.1
4.2,4.1
4.3,4.1
4.4,4.1
4.5,4.1
4.6,4.1
4.7,4.1
4.8,4.1
4.9,4.1
4.10,4.1
4.11,4.1
4.12,4.1
4.13,4.1
5.1,5.1
5.2,5.1
5.3,5.1
5.4,5.1
5.5,5.1
5.6,5.1
5.7,5.1
5.8,5.1
5.9,5.1
5.10,5.1
5.11,5.1
5.12,5.1
6.1,6.1
6.2,6.1
6.3,6.1
6.4,6.1
6.5,6.1
6.6,6.1
6.7,6.1
6.8,6.1
6.9,6.1
6.10,6.1
7.1,7.1
7.2,7.1
7.3,7.1
8.1,8.1
8.2,8.1
8.3,8.1
9.1,9.1
9.2,9.1
9.3,9.1
9.4,9.1
9.5,9.1
10.1,10.1
10.2,10.1
10.3,10.1
10.4,10.1
10.5,10.1
10.6,10.1
10.7,10.1
10.8,10.1
10.9,10.1
10.10,10.1
11.1,11.1
11.2,11.1
11.3,11.1
11.4,11.1
11.5,11.1
11.6,11.1
11.7,11.1
11.8,11.1
11.9,11.1
12.1,12.1
12.2,12.1
12.3,12.1
12.4,12.1
12.5,12.1
12.6,12.1
12.7,12.1
12.8,12.1
12.9,12.1
12.10,12.1
12.11,12.1
12.12,12.1
13.1,13.1
13.2,13.1
13.3,13.1
13.4,13.1
13.5,13.1
13.6,13.1
13.7,13.1
13.8,13.1
14.1,14.1
14.2,14.1
14.3,14.1
14.4,14.1
14.5,14.1
14.6,14.1
14.7,14.1
14.8,14.1
15.1,15.1
15.2,15.1
15.3,15.1
15.4,15.1
15.5,15.1
15.6,15.1
15.7,15.1
15.8,15.1
15.9,15.1
15.10,15.1
15.11,15.1
15.12,15.1
15.13,15.1
16.1,16.1
16.2,16.1
16.3,16.1
16.4,16.1
16.5,16.1
16.6,16.1
16.7,16.1
16.8,16.1
16.9,16.1
16.10,16.1
16.11,16.1
16.12,16.1
17.1,17.1
17.2,17.1
17.3,17.1
17.4,17.1
17.5,17.1
17.6,17.1
17.7,17.1
17.8,17.1
17.9,17.1
17.10,17.1
17.11,17.1
17.12,17.1
17.13,17.1
17.14,17.1
17.15,17.1
18.1,18.1
18.2,18.1
18.3,18.1
18.4,18.1
18.5,18.1
18.6,18.1
18.7,18.1
18.8,18.1
18.9,18.1
18.10,18.1
18.11,18.1
18.12,18.1
19.1,19.1
19.2,19.1
20.1,20.1
20.2,20.1
21.1,21.1
21.2,21.1
21.3,21.1
21.4,21.1
21.5,21.1
21.6,21.1
21.7,21.1
21.8,21.1
21.9,21.1
22.1,22.1
22.2,22.1
22.3,22.1
22.4,22.1
22.5,22.1
22.6,22.1
22.7,22.1
22.8,22.1
22.9,22.1
23.1,23.1
23.2,23.1
23.3,23.1
23.4,23.1
23.5,23.1
23.6,23.1
23.7,23.1
23.8,23.1
23.9,23.1
23.10,23.1
23.11,23.1
23.12,23.1
24.1,24.1
24.2,24.1
24.3,24.1
24.4,24.1
24.5,24.1
24.6,24.1
24.7,24.1
25.1,25.1
25.2,25.1
25.3,25.1
26.1,26.1
26.2,26.1
26.3,26.1
26.4,26.1
26.5,26.1
26.6,26.1
27.1,27.1
27.2,27.1
27.3,27.1
27.4,27.1
27.5,27.1
27.6,27.1
27.7,27.1
27.8,27.1
27.9,27.1
27.10,27.1
27.11,27.1
27.12,27.1
27.13,27.1
27.14,27.1
27.15,27.1
27.16,27.1
28.1,28.1
28.2,28.1
28.3,28.1
28.4,28.1
28.5,28.1
29.1,29.1
29.2,29.1
29.3,29.1
29.4,29.1
29.5,29.1
29.6,29.1
29.7,29.1
29.8,29.1
29.9,29.1
29.10,29.1
29.11,29.1
29.12,29.1
29.13,29.1
29.14,29.1
29.15,29.1
30.1,30.1
30.2,30.1
30.3,30.1
30.4,30.1
30.5,30.1
30.6,30.1
30.7,30.1
30.8,30.1
30.9,30.1
30.10,30.1
30.11,30.1
30.12,30.1
30.13,30.1
30.14,30.1
30.15,30.1
30.16,30.1
30.17,30.1
30.18,30.1
30.19,30.1
31.1,31.1
31.2,31.1
31.3,31.1
31.4,31.1
31.5,31.1
31.6,31.1
31.7,31.1
31.8,31.1
31.9,31.1
31.10,31.1
32.1,32.1
32.2,32.1
32.3,32.1
32.4,32.1
32.5,32.1
33.1,33.1
33.2,33.1
33.3,33.1
33.4,33.1
34.1,34.1
34.2,34.1
35.1,35.1
35.2,35.1
35.3,35.1
35.4,35.1
35.5,35.1
35.6,35.1
35.7,35.1
35.8,35.1
35.9,35.1
35.10,35.1
35.11,35.1
35.12,35.1
35.13,35.1
36.1,36.1
36.2,36.1
36.3,36.1
36.4,36.1
36.5,36.1
36.6,36.1
36.7,36.1
36.8,36.1
36.9,36.1
36.10,36.1
37.1,37.1
37.2,37.1
37.3,37.1
37.4,37.1
37.5,37.1
37.6,37.1
37.7,37.1
37.8,37.1
37.9,37.1
37.10,37.1
37.11,37.1
37.12,37.1
37.13,37.1
38.1,38.1
38.2,38.1
38.3,38.1
38.4,38.1
38.5,38.1
38.6,38.1
38.7,38.1
38.8,38.1
38.9,38.1
38.10,38.1
38.11,38.1
38.12,38.1
39.1,39.1
39.2,39.1
39.3,39.1
39.4,39.1
39.5,39.1
40.1,40.1
40.2,40.1
40.3,40.1
40.4,40.1
40.5,40.1
40.6,40.1
40.7,40.1
40.8,40.1
40.9,40.1
40.10,40.1
40.11,40.1
40.12,40.1
40.13,40.1
40.14,40.1
40.15,40.1
40.16,40.1
40.17,40.1
41.1,41.1
41.2,41.1
41.3,41.1
41.4,41.1
41.5,41.1
41.6,41.1
41.7,41.1
41.8,41.1
41.9,41.1
41.10,41.1
41.11,41.1
41.12,41.1
41.13,41.1
41.14,41.1
42.1,42.1
42.2,42.1
42.3,42.1
42.4,42.1
42.5,42.1
42.6,42.1
42.7,42.1
42.8,42.1
42.9,42.1
42.10,42.1
43.1,43.1
43.2,43.1
43.3,43.1
43.4,43.1
43.5,43.1
43.6,43.1
43.7,43.1
43.8,43.1
44.1,44.1
44.2,44.1
44.3,44.1
44.4,44.1
44.5,44.1
45.1,45.1
45.2,45.1
45.3,45.1
45.4,45.1
46.1,46.1
46.2,46.1
46.3,46.1
46.4,46.1
46.5,46.1
47.1,47.1
47.2,47.1
47.3,47.1
47.4,47.1
47.5,47.1
47.6,47.1
47.7,47.1
47.8,47.1
47.9,47.1
47.10,47.1
48.1,48.1
48.2,48.1
48.3,48.1
48.4,48.1
48.5,48.1
49.1,49.1
49.2,49.1
49.3,49.1
49.4,49.1
49.5,49.1
49.6,49.1
49.7,49.1
49.8,49.1
49.9,49.1
50.1,50.1
50.2,50.1
50.3,50.1
50.4,50.1
50.5,50.1
50.6,50.1
50.7,50.1
50.8,50.1
50.9,50.1
50.10,50.1
50.11,50.1
51.1,51.1
51.2,51.1
51.3,51.1
51.4,51.1
51.5,51.1
51.6,51.1
51.7,51.1
51.8,51.1
51.9,51.1
51.10,51.1
51.11,51.1
51.12,51.1
51.13,51.1
51.14,51.1
51.15,51.1
51.16,51.1
51.17,51.1
51.18,51.1
52.1,52.1
52.2,52.1
52.3,52.1
52.4,52.1
52.5,52.1
52.6,52.1
52.7,52.1
52.8,52.1
53.1,53.1
53.2,53.1
53.3,53.1
53.4,53.1
53.5,53.1
53.6,53.1
53.7,53.1
53.8,53.1
53.9,53.1
54.1,54.1
54.2,54.1
54.3,54.1
54.4,54.1
54.5,54.1
54.6,54.1
54.7,54.1
54.8,54.1
54.9,54.1
55.1,55.1
55.2,55.1
55.3,55.1
55.4,55.1
55.5,55.1
55.6,55.1
55.7,55.1
55.8,55.1
56.1,56.1
56.2,56.1
56.3,56.1
56.4,56.1
56.5,56.1
56.6,56.1
56.7,56.1
56.8,56.1
56.9,56.1
57.1,57.1
57.2,57.1
57.3,57.1
57.4,57.1
57.5,57.1
57.6,57.1
57.7,57.1
57.8,57.1
57.9,57.1
57.10,57.1
58.1,58.1
58.2,58.1
58.3,58.1
58.4,58.1
58.5,58.1
58.6,58.1
58.7,58.1
58.8,58.1
58.9,58.1
58.10,58.1
58.11,58.1
58.12,58.1
58.13,58.1
58.14,58.1
58.15,58.1
58.16,58.1
58.17,58.1
58.18,58.1
58.19,58.1
58.20,58.1
58.21,58.1
58.22,58.1
58.23,58.1
58.24,58.1
59.1,59.1
59.2,59.1
59.3,59.1
59.4,59.1
59.5,59.1
59.6,59.1
59.7,59.1
59.8,59.1
60.1,60.1
60.2,60.1
60.3,60.1
60.4,60.1
60.5,60.1
60.6,60.1
60.7,60.1
60.8,60.1
60.9,60.1
60.10,60.1
60.11,60.1
60.12,60.1
60.13,60.1
60.14,60.1
60.15,60.1
60.16,60.1
60.17,60.1
61.1,61.1
61.2,61.1
61.3,61.1
61.4,61.1
61.5,61.1
61.6,61.1
61.7,61.1
62.1,62.1
62.2,62.1
63.1,63.1
63.2,63.1
63.3,63.1
63.4,63.1
63.5,63.1
64.1,64.1
64.2,64.1
64.3,64.1
64.4,64.1
64.5,64.1
64.6,64.1
64.7,64.1
64.8,64.1
64.9,64.1
64.10,64.1
64.11,64.1
64.12,64.1
65.1,65.1
65.2,65.1
65.3,65.1
65.4,65.1
66.1,66.1
66.2,66.1
66.3,66.1
66.4,66.1
66.5,66.1
66.6,66.1
66.7,66.1
66.8,66.1
67.1,67.1
67.2,67.1
67.3,67.1
67.4,67.1
67.5,67.1
67.6,67.1
67.7,67.1
67.8,67.1
67.9,67.1
67.10,67.1
67.11,67.1
67.12,67.1
68.1,68.1
68.2,68.1
68.3,68.1
68.4,68.1
68.5,68.1
68.6,68.1
68.7,68.1
68.8,68.1
68.9,68.1
68.10,68.1
68.11,68.1
68.12,68.1
68.13,68.1
68.14,68.1
69.1,69.1
69.2,69.1
69.3,69.1
69.4,69.1
69.5,69.1
69.6,69.1
69.7,69.1
69.8,69.1
69.9,69.1
69.10,69.1
69.11,69.1
69.12,69.1
69.13,69.1
69.14,69.1
69.15,69.1
69.16,69.1
69.17,69.1
69.18,69.1
69.19,69.1
69.20,69.1
70.1,70.1
70.2,70.1
70.3,70.1
70.4,70.1
70.5,70.1
70.6,70.1
70.7,70.1
70.8,70.1
71.1,71.1
71.2,71.1
71.3,71.1
71.4,71.1
71.5,71.1
71.6,71.1
72.1,72.1
72.2,72.1
72.3,72.1
72.4,72.1
72.5,72.1
72.6,72.1
72.7,72.1
72.8,72.1
72.9,72.1
72.10,72.1
72.11,72.1
73.1,73.1
73.2,73.1
73.3,73.1
73.4,73.1
73.5,73.1
73.6,73.1
73.7,73.1
73.8,73.1
73.9,73.1
73.10,73.1
73.11,73.1
74.1,74.1
74.2,74.1
74.3,74.1
74.4,74.1
74.5,74.1
74.6,74.1
74.7,74.1
74.8,74.1
75.1,75.1
75.2,75.1
75.3,75.1
75.4,75.1
76.1,76.1
76.2,76.1
76.3,76.1
76.4,76.1
76.5,76.1
76.6,76.1
76.7,76.1
76.8,76.1
76.9,76.1
76.10,76.1
76.11,76.1
76.12,76.1
76.13,76.1
76.14,76.1
76.15,76.1
77.1,77.1
77.2,77.1
77.3,77.1
77.4,77.1
77.5,77.1
77.6,77.1
77.7,77.1
77.8,77.1
77.9,77.1
77.10,77.1
77.11,77.1
77.12,77.1
77.13,77.1
77.14,77.1
77.15,77.1
78.1,78.1
78.2,78.1
78.3,78.1
78.4,78.1
78.5,78.1
78.6,78.1
78.7,78.1
79.1,79.1
79.2,79.1
79.3,79.1
79.4,79.1
79.5,79.1
79.6,79.1
79.7,79.1
79.8,79.1
80.1,80.1
80.2,80.1
80.3,80.1
80.4,80.1
80.5,80.1
80.6,80.1
80.7,80.1
80.8,80.1
80.9,80.1
80.10,80.1
80.11,80.1
80.12,80.1
81.1,81.1
81.2,81.1
81.3,81.1
81.4,81.1
81.5,81.1
81.6,81.1
81.7,81.1
81.8,81.1
81.9,81.1
81.10,81.1
81.11,81.1
81.12,81.1
81.13,81.1
81.14,81.1
81.15,81.1
81.16,81.1
81.17,81.1
81.18,81.1
81.19,81.1
81.20,81.1
81.21,81.1
82.1,82.1
82.2,82.1
82.3,82.1
82.4,82.1
82.5,82.1
82.6,82.1
82.7,82.1
82.8,82.1
82.9,82.1
82.10,82.1
82.11,82.1
82.12,82.1
82.13,82.1
82.14,82.1
82.15,82.1
83.1,83.1
83.2,83.1
83.3,83.1
83.4,83.1
83.5,83.1
83.6,83.1
83.7,83.1
83.8,83.1
83.9,83.1
83.10,83.1
83.11,83.1
83.12,83.1
84.1,84.1
84.2,84.1
84.3,84.1
84.4,84.1
84.5,84.1
84.6,84.1
84.7,84.1
84.8,84.1
84.9,84.1
84.10,84.1
84.11,84.1
84.12,84.1
84.13,84.1
84.14,84.1
84.15,84.1
85.1,85.1
85.2,85.1
85.3,85.1
85.4,85.1
85.5,85.1
85.6,85.1
85.7,85.1
85.8,85.1
85.9,85.1
85.10,85.1
85.11,85.1
85.12,85.1
85.13,85.1
85.14,85.1
85.15,85.1
85.16,85.1
85.17,85.1
85.18,85.1
85.19,85.1
86.1,86.1
86.2,86.1
86.3,86.1
86.4,86.1
86.5,86.1
86.6,86.1
86.7,86.1
86.8,86.1
86.9,86.1
86.10,86.1
86.11,86.1
87.1,87.1
87.2,87.1
87.3,87.1
87.4,87.1
87.5,87.1
87.6,87.1
87.7,87.1
87.8,87.1
87.9,87.1
87.10,87.1
87.11,87.1
87.12,87.1
88.1,88.1
88.2,88.1
88.3,88.1
88.4,88.1
88.5,88.1
88.6,88.1
88.7,88.1
88.8,88.1
88.9,88.1
89.1,89.1
89.2,89.1
89.3,89.1
89.4,89.1
89.5,89.1
89.6,89.1
89.7,89.1
89.8,89.1
89.9,89.1
89.10,89.1
89.11,89.1
89.12,89.1
89.13,89.1
89.14,89.1
89.15,89.1
90.1,90.1
90.2,90.1
90.3,90.1
90.4,90.1
90.5,90.1
90.6,90.1
90.7,90.1
90.8,90.1
90.9,90.1
90.10,90.1
90.11,90.1
90.12,90.1
90.13,90.1
90.14,90.1
90.15,90.1
90.16,90.1
90.17,90.1
91.1,91.1
91.2,91.1
91.3,91.1
91.4,91.1
91.5,91.1
91.6,91.1
92.1,92.1
92.2,92.1
93.1,93.1
93.2,93.1
93.3,93.1
93.4,93.1
93.5,93.1
93.6,93.1
93.7,93.1
93.8,93.1
93.9,93.1
93.10,93.1
93.11,93.1
93.12,93.1
93.13,93.1
93.14,93.1
93.15,93.1
93.16,93.1
94.1,94.1
94.2,94.1
94.3,94.1
94.4,94.1
94.5,94.1
94.6,94.1
94.7,94.1
94.8,94.1
94.9,94.1
94.10,94.1
94.11,94.1
94.12,94.1
94.13,94.1
95.1,95.1
95.2,95.1
95.3,95.1
95.4,95.1
95.5,95.1
95.6,95.1
95.7,95.1
95.8,95.1
95.9,95.1
95.10,95.1
95.11,95.1
95.12,95.1
95.13,95.1
96.1,96.1
96.2,96.1
96.3,96.1
96.4,96.1
96.5,96.1
96.6,96.1
96.7,96.1
96.8,96.1
96.9,96.1
96.10,96.1
97.1,97.1
97.2,97.1
97.3,97.1
97.4,97.1
97.5,97.1
97.6,97.1
97.7,97.1
97.8,97.1
97.9,97.1
97.10,97.1
97.11,97.1
97.12,97.1
97.13,97.1
98.1,98.1
98.2,98.1
98.3,98.1
98.4,98.1
98.5,98.1
98.6,98.1
99.1,99.1
99.2,99.1
99.3,99.1
99.4,99.1
99.5,99.1
99.6,99.1
99.7,99.1
99.8,99.1
99.9,99.1
99.10,99.1
99.11,99.1
99.12,99.1
99.13,99.1
99.14,99.1
99.15,99.1
100.1,100.1
100.2,100.1
100.3,100.1
100.4,100.1
100.5,100.1
100.6,100.1
100.7,100.1
100.8,100.1
100.9,100.1
100.10,100.1
100.11,100.1
100.12,100.1
100.13,100.1
100.14,100.1
100.15,100.1
101.1,101.1
101.2,101.1
101.3,101.1
101.4,101.1
101.5,101.1
101.6,101.1
101.7,101.1
101.8,101.1
101.9,101.1
101.10,101.1
101.11,101.1
101.12,101.1
101.13,101.1
101.14,101.1
101.15,101.1
101.16,101.1
101.17,101.1
102.1,102.1
102.2,102.1
103.1,103.1
103.2,103.1
103.3,103.1
103.4,103.1
103.5,103.1
103.6,103.1
104.1,104.1
104.2,104.1
104.3,104.1
104.4,104.1
104.5,104.1
104.6,104.1
104.7,104.1
104.8,104.1
104.9,104.1
104.10,104.1
105.1,105.1
105.2,105.1
105.3,105.1
105.4,105.1
105.5,105.1
106.1,106.1
106.2,106.1
106.3,106.1
106.4,106.1
106.5,106.1
106.6,106.1
106.7,106.1
106.8,106.1
106.9,106.1
107.1,107.1
107.2,107.1
107.3,107.1
107.4,107.1
108.1,108.1
108.2,108.1
108.3,108.1
108.4,108.1
108.5,108.1
108.6,108.1
109.1,109.1
109.2,109.1
109.3,109.1
109.4,109.1
109.5,109.1
110.1,110.1
110.2,110.1
110.3,110.1
110.4,110.1
110.5,110.1
110.6,110.1
110.7,110.1
110.8,110.1
110.9,110.1
110.10,110.1
110.11,110.1
110.12,110.1
110.13,110.1
110.14,110.1
110.15,110.1
111.1,111.1
111.2,111.1
111.3,111.1
111.4,111.1
111.5,111.1
111.6,111.1
111.7,111.1
111.8,111.1
111.9,111.1
111.10,111.1
111.11,111.1
111.12,111.1
111.13,111.1
111.14,111.1
111.15,111.1
111.16,111.1
111.17,111.1
111.18,111.1
111.19,111.1
111.20,111.1
112.1,112.1
112.2,112.1
112.3,112.1
112.4,112.1
112.5,112.1
112.6,112.1
112.7,112.1
112.8,112.1
112.9,112.1
112.10,112.1
113.1,113.1
113.2,113.1
113.3,113.1
113.4,113.1
113.5,113.1
113.6,113.1
114.1,114.1
114.2,114.1
114.3,114.1
114.4,114.1
114.5,114.1
114.6,114.1
114.7,114.1
115.1,115.1
115.2,115.1
115.3,115.1
115.4,115.1
115.5,115.1
115.6,115.1
115.7,115.1
115.8,115.1
115.9,115.1
115.10,115.1
115.11,115.1
116.1,116.1
116.2,116.1
116.3,116.1
116.4,116.1
116.5,116.1
116.6,116.1
116.7,116.1
116.8,116.1
116.9,116.1
116.10,116.1
116.11,116.1
116.12,116.1
116.13,116.1
116.14,116.1
116.15,116.1
116.16,116.1
116.17,116.1
116.18,116.1
116.19,116.1
116.20,116.1
116.21,116.1
116.22,116.1
116.23,116.1
116.24,116.1
116.25,116.1
116.26,116.1
116.27,116.1
116.28,116.1
117.1,117.1
117.2,117.1
117.3,117.1
118.1,118.1
118.2,118.1
118.3,118.1
118.4,118.1
118.5,118.1
119.1,119.1
119.2,119.1
119.3,119.1
119.4,119.1
119.5,119.1
119.6,119.1
120.1,120.1
120.2,120.1
120.3,120.1
120.4,120.1
120.5,120.1
120.6,120.1
120.7,120.1
120.8,120.1
120.9,120.1
120.10,120.1
120.11,120.1
120.12,120.1
121.1,121.1
121.2,121.1
121.3,121.1
121.4,121.1
121.5,121.1
121.6,121.1
121.7,121.1
121.8,121.1
121.9,121.1
121.10,121.1
121.11,121.1
122.1,122.1
122.2,122.1
122.3,122.1
122.4,122.1
122.5,122.1
123.1,123.1
123.2,123.1
123.3,123.1
123.4,123.1
123.5,123.1
123.6,123.1
123.7,123.1
123.8,123.1
123.9,123.1
123.10,123.1
123.11,123.1
123.12,123.1
123.13,123.1
123.14,123.1
123.15,123.1
123.16,123.1
124.1,124.1
124.2,124.1
124.3,124.1
124.4,124.1
124.5,124.1
124.6,124.1
125.1,125.1
125.2,125.1
126.1,126.1
126.2,126.1
126.3,126.1
127.1,127.1
127.2,127.1
127.3,127.1
127.4,127.1
127.5,127.1
127.6,127.1
127.7,127.1
127.8,127.1
127.9,127.1
127.10,127.1
127.11,127.1
127.12,127.1
127.13,127.1
127.14,127.1
127.15,127.1
127.16,127.1
127.17,127.1
128.1,128.1
128.2,128.1
128.3,128.1
128.4,128.1
128.5,128.1
128.6,128.1
128.7,128.1
128.8,128.1
128.9,128.1
128.10,128.1
128.11,128.1
128.12,128.1
128.13,128.1
129.1,129.1
129.2,129.1
129.3,129.1
129.4,129.1
129.5,129.1
129.6,129.1
129.7,129.1
129.8,129.1
129.9,129.1
129.10,129.1
129.11,129.1
129.12,129.1
130.1,130.1
130.2,130.1
130.3,130.1
130.4,130.1
130.5,130.1
130.6,130.1
130.7,130.1
131.1,131.1
131.2,131.1
131.3,131.1
132.1,132.1
132.2,132.1
132.3,132.1
132.4,132.1
132.5,132.1
132.6,132.1
132.7,132.1
132.8,132.1
132.9,132.1
132.10,132.1
133.1,133.1
133.2,133.1
133.3,133.1
133.4,133.1
133.5,133.1
133.6,133.1
133.7,133.1
133.8,133.1
133.9,133.1
133.10,133.1
133.11,133.1
133.12,133.1
133.13,133.1
133.14,133.1
133.15,133.1
133.16,133.1
133.17,133.1
133.18,133.1
133.19,133.1
133.20,133.1
134.1,134.1
134.2,134.1
134.3,134.1
134.4,134.1
134.5,134.1
134.6,134.1
134.7,134.1
134.8,134.1
134.9,134.1
134.10,134.1
134.11,134.1
134.12,134.1
134.13,134.1
134.14,134.1
134.15,134.1
134.16,134.1
134.17,134.1
134.18,134.1
134.19,134.1
135.1,135.1
135.2,135.1
136.1,136.1
136.2,136.1
136.3,136.1
136.4,136.1
137.1,137.1
137.2,137.1
137.3,137.1
137.4,137.1
137.5,137.1
137.6,137.1
137.7,137.1
137.8,137.1
137.9,137.1
137.10,137.1
137.11,137.1
137.12,137.1
138.1,138.1
138.2,138.1
138.3,138.1
138.4,138.1
139.1,139.1
139.2,139.1
139.3,139.1
139.4,139.1
139.5,139.1
139.6,139.1
139.7,139.1
139.8,139.1
139.9,139.1
139.10,139.1
139.11,139.1
139.12,139.1
139.13,139.1
139.14,139.1
140.1,140.1
140.2,140.1
140.3,140.1
140.4,140.1
140.5,140.1
140.6,140.1
140.7,140.1
140.8,140.1
140.9,140.1
140.10,140.1
140.11,140.1
140.12,140.1
140.13,140.1
141.1,141.1
141.2,141.1
141.3,141.1
141.4,141.1
141.5,141.1
141.6,141.1
141.7,141.1
141.8,141.1
141.9,141.1
142.1,142.1
142.2,142.1
142.3,142.1
142.4,142.1
142.5,142.1
142.6,142.1
142.7,142.1
142.8,142.1
142.9,142.1
142.10,142.1
142.11,142.1
143.1,143.1
143.2,143.1
143.3,143.1
143.4,143.1
143.5,143.1
143.6,143.1
143.7,143.1
143.8,143.1
143.9,143.1
143.10,143.1
143.11,143.1
143.12,143.1
143.13,143.1
143.14,143.1
143.15,143.1
143.16,143.1
144.1,144.1
144.2,144.1
144.3,144.1
144.4,144.1
144.5,144.1
144.6,144.1
144.7,144.1
144.8,144.1
144.9,144.1
144.10,144.1
144.11,144.1
144.12,144.1
144.13,144.1
144.14,144.1
144.15,144.1
144.16,144.1
144.17,144.1
144.18,144.1
144.19,144.1
144.20,144.1
144.21,144.1
145.1,145.1
145.2,145.1
145.3,145.1
145.4,145.1
145.5,145.1
145.6,145.1
145.7,145.1
145.8,145.1
145.9,145.1
145.10,145.1
145.11,145.1
146.1,146.1
146.2,146.1
146.3,146.1
146.4,146.1
146.5,146.1
146.6,146.1
146.7,146.1
146.8,146.1
146.9,146.1
146.10,146.1
146.11,146.1
146.12,146.1
147.1,147.1
147.2,147.1
147.3,147.1
147.4,147.1
147.5,147.1
147.6,147.1
147.7,147.1
148.1,148.1
148.2,148.1
148.3,148.1
148.4,148.1
148.5,148.1
148.6,148.1
148.7,148.1
148.8,148.1
148.9,148.1
148.10,148.1
148.11,148.1
148.12,148.1
148.13,148.1
148.14,148.1
148.15,148.1
149.1,149.1
149.2,149.1
149.3,149.1
149.4,149.1
149.5,149.1
149.6,149.1
149.7,149.1
149.8,149.1
150.1,150.1
150.2,150.1
150.3,150.1
150.4,150.1
150.5,150.1
150.6,150.1
150.7,150.1
150.8,150.1
150.9,150.1
150.10,150.1
150.11,150.1
150.12,150.1
150.13,150.1
150.14,150.1
150.15,150.1
150.16,150.1
150.17,150.1
150.18,150.1
150.19,150.1
150.20,150.1
150.21,150.1
150.22,150.1
151.1,151.1
151.2,151.1
151.3,151.1
151.4,151.1
151.5,151.1
151.6,151.1
151.7,151.1
151.8,151.1
151.9,151.1
151.10,151.1
151.11,151.1
151.12,151.1
151.13,151.1
151.14,151.1
151.15,151.1
151.16,151.1
151.17,151.1
151.18,151.1
151.19,151.1
152.1,152.1
152.2,152.1
152.3,152.1
152.4,152.1
152.5,152.1
152.6,152.1
152.7,152.1
152.8,152.1
152.9,152.1
152.10,152.1
152.11,152.1
152.12,152.1
153.1,153.1
153.2,153.1
153.3,153.1
153.4,153.1
153.5,153.1
153.6,153.1
153.7,153.1
153.8,153.1
153.9,153.1
153.10,153.1
153.11,153.1
154.1,154.1
154.2,154.1
154.3,154.1
154.4,154.1
154.5,154.1
154.6,154.1
154.7,154.1
154.8,154.1
154.9,154.1
154.10,154.1
155.1,155.1
155.2,155.1
155.3,155.1
155.4,155.1
155.5,155.1
155.6,155.1
155.7,155.1
155.8,155.1
155.9,155.1
155.10,155.1
156.1,156.1
156.2,156.1
156.3,156.1
156.4,156.1
156.5,156.1
156.6,156.1
156.7,156.1
156.8,156.1
156.9,156.1
156.10,156.1
156.11,156.1
156.12,156.1
156.13,156.1
156.14,156.1
156.15,156.1
156.16,156.1
156.17,156.1
156.18,156.1
157.1,157.1
157.2,157.1
157.3,157.1
157.4,157.1
157.5,157.1
158.1,158.1
158.2,158.1
158.3,158.1
158.4,158.1
158.5,158.1
158.6,158.1
158.7,158.1
158.8,158.1
158.9,158.1
158.10,158.1
158.11,158.1
158.12,158.1
158.13,158.1
158.14,158.1
158.15,158.1
158.16,158.1
159.1,159.1
159.2,159.1
159.3,159.1
160.1,160.1
160.2,160.1
160.3,160.1
160.4,160.1
160.5,160.1
160.6,160.1
160.7,160.1
160.8,160.1
160.9,160.1
160.10,160.1
160.11,160.1
160.12,160.1
161.1,161.1
161.2,161.1
161.3,161.1
161.4,161.1
161.5,161.1
161.6,161.1
161.7,161.1
161.8,161.1
161.9,161.1
162.1,162.1
162.2,162.1
162.3,162.1
162.4,162.1
162.5,162.1
162.6,162.1
162.7,162.1
162.8,162.1
162.9,162.1
163.1,163.1
163.2,163.1
163.3,163.1
163.4,163.1
163.5,163.1
163.6,163.1
163.7,163.1
163.8,163.1
164.1,164.1
164.2,164.1
164.3,164.1
164.4,164.1
164.5,164.1
164.6,164.1
164.7,164.1
164.8,164.1
164.9,164.1
164.10,164.1
164.11,164.1
164.12,164.1
164.13,164.1
165.1,165.1
165.2,165.1
165.3,165.1
165.4,165.1
165.5,165.1
165.6,165.1
165.7,165.1
166.1,166.1
166.2,166.1
166.3,166.1
166.4,166.1
166.5,166.1
166.6,166.1
166.7,166.1
166.8,166.1
166.9,166.1
166.10,166.1
166.11,166.1
167.1,167.1
167.2,167.1
167.3,167.1
167.4,167.1
167.5,167.1
167.6,167.1
167.7,167.1
167.8,167.1
167.9,167.1
167.10,167.1
167.11,167.1
167.12,167.1
167.13,167.1
167.14,167.1
167.15,167.1
167.16,167.1
167.17,167.1
167.18,167.1
167.19,167.1
167.20,167.1
167.21,167.1
168.1,168.1
168.2,168.1
168.3,168.1
168.4,168.1
168.5,168.1
169.1,169.1
169.2,169.1
169.3,169.1
169.4,169.1
169.5,169.1
169.6,169.1
169.7,169.1
169.8,169.1
170.1,170.1
170.2,170.1
170.3,170.1
170.4,170.1
170.5,170.1
170.6,170.1
170.7,170.1
170.8,170.1
170.9,170.1
170.10,170.1
170.11,170.1
171.1,171.1
171.2,171.1
171.3,171.1
171.4,171.1
171.5,171.1
171.6,171.1
171.7,171.1
171.8,171.1
172.1,172.1
172.2,172.1
172.3,172.1
172.4,172.1
172.5,172.1
172.6,172.1
172.7,172.1
172.8,172.1
172.9,172.1
172.10,172.1
172.11,172.1
172.12,172.1
172.13,172.1
172.14,172.1
172.15,172.1
172.16,172.1
172.17,172.1
172.18,172.1
172.19,172.1
172.20,172.1
173.1,173.1
173.2,173.1
173.3,173.1
173.4,173.1
173.5,173.1
173.6,173.1
173.7,173.1
173.8,173.1
173.9,173.1
173.10,173.1
174.1,174.1
174.2,174.1
174.3,174.1
174.4,174.1
174.5,174.1
174.6,174.1
174.7,174.1
174.8,174.1
174.9,174.1
174.10,174.1
174.11,174.1
174.12,174.1
175.1,175.1
175.2,175.1
175.3,175.1
175.4,175.1
175.5,175.1
175.6,175.1
175.7,175.1
175.8,175.1
175.9,175.1
175.10,175.1
175.11,175.1
176.1,176.1
176.2,176.1
176.3,176.1
176.4,176.1
176.5,176.1
176.6,176.1
177.1,177.1
177.2,177.1
177.3,177.1
177.4,177.1
177.5,177.1
177.6,177.1
177.7,177.1
177.8,177.1
177.9,177.1
177.10,177.1
178.1,178.1
178.2,178.1
178.3,178.1
178.4,178.1
178.5,178.1
178.6,178.1
179.1,179.1
179.2,179.1
179.3,179.1
179.4,179.1
179.5,179.1
179.6,179.1
179.7,179.1
179.8,179.1
179.9,179.1
180.1,180.1
180.2,180.1
180.3,180.1
180.4,180.1
180.5,180.1
180.6,180.1
180.7,180.1
180.8,180.1
180.9,180.1
180.10,180.1
180.11,180.1
180.12,180.1
180.13,180.1
180.14,180.1
180.15,180.1
181.1,181.1
181.2,181.1
182.1,182.1
182.2,182.1
182.3,182.1
182.4,182.1
182.5,182.1
182.6,182.1
182.7,182.1
182.8,182.1
183.1,183.1
183.2,183.1
183.3,183.1
183.4,183.1
183.5,183.1
183.6,183.1
183.7,183.1
183.8,183.1
184.1,184.1
184.2,184.1
184.3,184.1
184.4,184.1
184.5,184.1
184.6,184.1
184.7,184.1
184.8,184.1
184.9,184.1
184.10,184.1
184.11,184.1
184.12,184.1
184.13,184.1
184.14,184.1
184.15,184.1
184.16,184.1
184.17,184.1
184.18,184.1
184.19,184.1
184.20,184.1
184.21,184.1
184.22,184.1
184.23,184.1
184.24,184.1
184.25,184.1
184.26,184.1
184.27,184.1
184.28,184.1
184.29,184.1
184.30,184.1
184.31,184.1
184.32,184.1
184.33,184.1
184.34,184.1
185.1,185.1
185.2,185.1
185.3,185.1
185.4,185.1
185.5,185.1
185.6,185.1
185.7,185.1
185.8,185.1
185.9,185.1
185.10,185.1
185.11,185.1
185.12,185.1
186.1,186.1
186.2,186.1
187.1,187.1
187.2,187.1
187.3,187.1
187.4,187.1
187.5,187.1
187.6,187.1
188.1,188.1
188.2,188.1
188.3,188.1
188.4,188.1
188.5,188.1
188.6,188.1
188.7,188.1
188.8,188.1
188.9,188.1
188.10,188.1
189.1,189.1
189.2,189.1
189.3,189.1
189.4,189.1
189.5,189.1
189.6,189.1
189.7,189.1
189.8,189.1
189.9,189.1
190.1,190.1
190.2,190.1
190.3,190.1
190.4,190.1
190.5,190.1
191.1,191.1
191.2,191.1
191.3,191.1
191.4,191.1
191.5,191.1
191.6,191.1
191.7,191.1
191.8,191.1
191.9,191.1
191.10,191.1
191.11,191.1
191.12,191.1
191.13,191.1
192.1,192.1
192.2,192.1
192.3,192.1
192.4,192.1
192.5,192.1
192.6,192.1
192.7,192.1
192.8,192.1
192.9,192.1
192.10,192.1
192.11,192.1
192.12,192.1
192.13,192.1
192.14,192.1
193.1,193.1
193.2,193.1
193.3,193.1
193.4,193.1
193.5,193.1
193.6,193.1
193.7,193.1
193.8,193.1
193.9,193.1
194.1,194.1
194.2,194.1
194.3,194.1
194.4,194.1
194.5,194.1
194.6,194.1
194.7,194.1
194.8,194.1
194.9,194.1
194.10,194.1
195.1,195.1
195.2,195.1
195.3,195.1
195.4,195.1
195.5,195.1
195.6,195.1
195.7,195.1
195.8,195.1
195.9,195.1
196.1,196.1
196.2,196.1
196.3,196.1
196.4,196.1
196.5,196.1
196.6,196.1
196.7,196.1
196.8,196.1
196.9,196.1
196.10,196.1
196.11,196.1
196.12,196.1
196.13,196.1
196.14,196.1
197.1,197.1
197.2,197.1
197.3,197.1
197.4,197.1
197.5,197.1
197.6,197.1
197.7,197.1
197.8,197.1
197.9,197.1
197.10,197.1
197.11,197.1
197.12,197.1
197.13,197.1
197.14,197.1
197.15,197.1
197.16,197.1
197.17,197.1
197.18,197.1
197.19,197.1
197.20,197.1
197.21,197.1
197.22,197.1
197.23,197.1
197.24,197.1
197.25,197.1
198.1,198.1
198.2,198.1
198.3,198.1
198.4,198.1
198.5,198.1
198.6,198.1
198.7,198.1
198.8,198.1
199.1,199.1
199.2,199.1
199.3,199.1
199.4,199.1
200.1,200.1
200.2,200.1
200.3,200.1
200.4,200.1
200.5,200.1
200.6,200.1
200.7,200.1
200.8,200.1
200.9,200.1
200.10,200.1
200.11,200.1
200.12,200.1
200.13,200.1
200.14,200.1
201.1,201.1
201.2,201.1
201.3,201.1
201.4,201.1
201.5,201.1
201.6,201.1
201.7,201.1
201.8,201.1
202.1,202.1
202.2,202.1
202.3,202.1
202.4,202.1
202.5,202.1
202.6,202.1
202.7,202.1
202.8,202.1
202.9,202.1
202.10,202.1
202.11,202.1
202.12,202.1
202.13,202.1
202.14,202.1
202.15,202.1
203.1,203.1
203.2,203.1
203.3,203.1
203.4,203.1
203.5,203.1
203.6,203.1
203.7,203.1
204.1,204.1
204.2,204.1
204.3,204.1
204.4,204.1
205.1,205.1
205.2,205.1
205.3,205.1
205.4,205.1
205.5,205.1
205.6,205.1
205.7,205.1
205.8,205.1
205.9,205.1
205.10,205.1
205.11,205.1
205.12,205.1
205.13,205.1
205.14,205.1
205.15,205.1
205.16,205.1
205.17,205.1
205.18,205.1
205.19,205.1
205.20,205.1
205.21,205.1
205.22,205.1
206.1,206.1
206.2,206.1
206.3,206.1
206.4,206.1
206.5,206.1
206.6,206.1
206.7,206.1
206.8,206.1
206.9,206.1
206.10,206.1
206.11,206.1
206.12,206.1
206.13,206.1
206.14,206.1
206.15,206.1
206.16,206.1
206.17,206.1
207.1,207.1
207.2,207.1
207.3,207.1
208.1,208.1
208.2,208.1
208.3,208.1
208.4,208.1
208.5,208.1
208.6,208.1
208.7,208.1
208.8,208.1
208.9,208.1
208.10,208.1
209.1,209.1
209.2,209.1
209.3,209.1
209.4,209.1
209.5,209.1
209.6,209.1
209.7,209.1
209.8,209.1
209.9,209.1
209.10,209.1
209.11,209.1
210.1,210.1
210.2,210.1
210.3,210.1
210.4,210.1
210.5,210.1
210.6,210.1
210.7,210.1
210.8,210.1
211.1,211.1
211.2,211.1
211.3,211.1
212.1,212.1
212.2,212.1
212.3,212.1
212.4,212.1
212.5,212.1
212.6,212.1
212.7,212.1
212.8,212.1
212.9,212.1
212.10,212.1
212.11,212.1
212.12,212.1
212.13,212.1
212.14,212.1
212.15,212.1
212.16,212.1
212.17,212.1
212.18,212.1
212.19,212.1
212.20,212.1
213.1,213.1
213.2,213.1
213.3,213.1
213.4,213.1
213.5,213.1
213.6,213.1
213.7,213.1
213.8,213.1
213.9,213.1
213.10,213.1
213.11,213.1
213.12,213.1
213.13,213.1
213.14,213.1
213.15,213.1
213.16,213.1
213.17,213.1
213.18,213.1
213.19,213.1
213.20,213.1
213.21,213.1
213.22,213.1
213.23,213.1
213.24,213.1
213.25,213.1
213.26,213.1
213.27,213.1
213.28,213.1
213.29,213.1
214.1,214.1
214.2,214.1
214.3,214.1
214.4,214.1
214.5,214.1
214.6,214.1
214.7,214.1
214.8,214.1
214.9,214.1
214.10,214.1
215.1,215.1
215.2,215.1
215.3,215.1
215.4,215.1
215.5,215.1
215.6,215.1
215.7,215.1
215.8,215.1
215.9,215.1
215.10,215.1
215.11,215.1
215.12,215.1
215.13,215.1
215.14,215.1
216.1,216.1
216.2,216.1
216.3,216.1
216.4,216.1
216.5,216.1
216.6,216.1
216.7,216.1
216.8,216.1
216.9,216.1
216.10,216.1
217.1,217.1
217.2,217.1
217.3,217.1
217.4,217.1
217.5,217.1
217.6,217.1
217.7,217.1
217.8,217.1
217.9,217.1
218.1,218.1
218.2,218.1
218.3,218.1
218.4,218.1
218.5,218.1
218.6,218.1
218.7,218.1
218.8,218.1
218.9,218.1
218.10,218.1
218.11,218.1
218.12,218.1
218.13,218.1
218.14,218.1
218.15,218.1
218.16,218.1
218.17,218.1
218.18,218.1
219.1,219.1
219.2,219.1
219.3,219.1
219.4,219.1
219.5,219.1
219.6,219.1
219.7,219.1
219.8,219.1
220.1,220.1
220.2,220.1
220.3,220.1
220.4,220.1
220.5,220.1
220.6,220.1
220.7,220.1
220.8,220.1
220.9,220.1
220.10,220.1
220.11,220.1
220.12,220.1
220.13,220.1
220.14,220.1
220.15,220.1
220.16,220.1
220.17,220.1
220.18,220.1
221.1,221.1
221.2,221.1
221.3,221.1
221.4,221.1
221.5,221.1
221.6,221.1
221.7,221.1
221.8,221.1
221.9,221.1
221.10,221.1
221.11,221.1
221.12,221.1
221.13,221.1
221.14,221.1
221.15,221.1
221.16,221.1
221.17,221.1
221.18,221.1
221.19,221.1
221.20,221.1
221.21,221.1
221.22,221.1
222.1,222.1
222.2,222.1
222.3,222.1
222.4,222.1
222.5,222.1
222.6,222.1
222.7,222.1
222.8,222.1
222.9,222.1
222.10,222.1
223.1,223.1
223.2,223.1
223.3,223.1
223.4,223.1
223.5,223.1
223.6,223.1
223.7,223.1
223.8,223.1
223.9,223.1
224.1,224.1
224.2,224.1
224.3,224.1
224.4,224.1
224.5,224.1
224.6,224.1
224.7,224.1
224.8,224.1
224.9,224.1
224.10,224.1
224.11,224.1
224.12,224.1
224.13,224.1
224.14,224.1
224.15,224.1
224.16,224.1
224.17,224.1
224.18,224.1
224.19,224.1
224.20,224.1
224.21,224.1
224.22,224.1
224.23,224.1
224.24,224.1
224.25,224.1
224.26,224.1
225.1,225.1
225.2,225.1
225.3,225.1
225.4,225.1
225.5,225.1
225.6,225.1
225.7,225.1
225.8,225.1
225.9,225.1
225.10,225.1
225.11,225.1
225.12,225.1
225.13,225.1
225.14,225.1
226.1,226.1
226.2,226.1
226.3,226.1
226.4,226.1
226.5,226.1
226.6,226.1
226.7,226.1
226.8,226.1
226.9,226.1
226.10,226.1
226.11,226.1
226.12,226.1
226.13,226.1
227.1,227.1
227.2,227.1
227.3,227.1
227.4,227.1
227.5,227.1
227.6,227.1
227.7,227.1
227.8,227.1
227.9,227.1
227.10,227.1
227.11,227.1
227.12,227.1
227.13,227.1
228.1,228.1
228.2,228.1
228.3,228.1
228.4,228.1
228.5,228.1
228.6,228.1
228.7,228.1
229.1,229.1
229.2,229.1
229.3,229.1
229.4,229.1
229.5,229.1
229.6,229.1
229.7,229.1
229.8,229.1
229.9,229.1
230.1,230.1
230.2,230.1
230.3,230.1
230.4,230.1
230.5,230.1
230.6,230.1
231.1,231.1
231.2,231.1
231.3,231.1
231.4,231.1
231.5,231.1
231.6,231.1
231.7,231.1
231.8,231.1
232.1,232.1
232.2,232.1
232.3,232.1
232.4,232.1
232.5,232.1
232.6,232.1
232.7,232.1
233.1,233.1
233.2,233.1
233.3,233.1
233.4,233.1
233.5,233.1
233.6,233.1
234.1,234.1
234.2,234.1
234.3,234.1
235.1,235.1
235.2,235.1
235.3,235.1
235.4,235.1
235.5,235.1
235.6,235.1
235.7,235.1
235.8,235.1
235.9,235.1
235.10,235.1
235.11,235.1
235.12,235.1
235.13,235.1
235.14,235.1
236.1,236.1
236.2,236.1
236.3,236.1
236.4,236.1
236.5,236.1
236.6,236.1
236.7,236.1
236.8,236.1
236.9,236.1
236.10,236.1
237.1,237.1
237.2,237.1
237.3,237.1
237.4,237.1
237.5,237.1
237.6,237.1
237.7,237.1
237.8,237.1
237.9,237.1
237.10,237.1
238.1,238.1
238.2,238.1
239.1,239.1
239.2,239.1
239.3,239.1
239.4,239.1
239.5,239.1
239.6,239.1
239.7,239.1
239.8,239.1
239.9,239.1
239.10,239.1
239.11,239.1
240.1,240.1
240.2,240.1
240.3,240.1
240.4,240.1
240.5,240.1
240.6,240.1
240.7,240.1
240.8,240.1
240.9,240.1
241.1,241.1
241.2,241.1
241.3,241.1
241.4,241.1
241.5,241.1
241.6,241.1
241.7,241.1
241.8,241.1
241.9,241.1
241.10,241.1
242.1,242.1
242.2,242.1
242.3,242.1
243.1,243.1
243.2,243.1
243.3,243.1
243.4,243.1
243.5,243.1
243.6,243.1
243.7,243.1
243.8,243.1
243.9,243.1
243.10,243.1
243.11,243.1
243.12,243.1
243.13,243.1
243.14,243.1
243.15,243.1
244.1,244.1
244.2,244.1
244.3,244.1
244.4,244.1
244.5,244.1
244.6,244.1
244.7,244.1
244.8,244.1
244.9,244.1
244.10,244.1
244.11,244.1
244.12,244.1
244.13,244.1
244.14,244.1
244.15,244.1
244.16,244.1
245.1,245.1
245.2,245.1
245.3,245.1
245.4,245.1
245.5,245.1
245.6,245.1
245.7,245.1
245.8,245.1
245.9,245.1
245.10,245.1
246.1,246.1
246.2,246.1
246.3,246.1
246.4,246.1
246.5,246.1
246.6,246.1
246.7,246.1
246.8,246.1
246.9,246.1
246.10,246.1
247.1,247.1
247.2,247.1
247.3,247.1
247.4,247.1
247.5,247.1
247.6,247.1
247.7,247.1
247.8,247.1
247.9,247.1
247.10,247.1
248.1,248.1
248.2,248.1
248.3,248.1
248.4,248.1
248.5,248.1
248.6,248.1
248.7,248.1
248.8,248.1
248.9,248.1
248.10,248.1
248.11,248.1
248.12,248.1
249.1,249.1
249.2,249.1
249.3,249.1
249.4,249.1
249.5,249.1
249.6,249.1
249.7,249.1
250.1,250.1
250.2,250.1
250.3,250.1
250.4,250.1
250.5,250.1
250.6,250.1
250.7,250.1
250.8,250.1
250.9,250.1
250.10,250.1
250.11,250.1
250.12,250.1
250.13,250.1
250.14,250.1
250.15,250.1
250.16,250.1
250.17,250.1
250.18,250.1
250.19,250.1
250.20,250.1
251.1,251.1
251.2,251.1
251.3,251.1
251.4,251.1
251.5,251.1
252.1,252.1
252.2,252.1
252.3,252.1
252.4,252.1
252.5,252.1
252.6,252.1
252.7,252.1
252.8,252.1
252.9,252.1
252.10,252.1
252.11,252.1
252.12,252.1
252.13,252.1
252.14,252.1
252.15,252.1
252.16,252.1
252.17,252.1
252.18,252.1
252.19,252.1
252.20,252.1
253.1,253.1
253.2,253.1
253.3,253.1
253.4,253.1
253.5,253.1
253.6,253.1
253.7,253.1
254.1,254.1
254.2,254.1
254.3,254.1
254.4,254.1
254.5,254.1
254.6,254.1
254.7,254.1
254.8,254.1
254.9,254.1
254.10,254.1
254.11,254.1
255.1,255.1
255.2,255.1
255.3,255.1
255.4,255.1
255.5,255.1
255.6,255.1
255.7,255.1
255.8,255.1
255.9,255.1
256.1,256.1
256.2,256.1
256.3,256.1
256.4,256.1
256.5,256.1
256.6,256.1
256.7,256.1
256.8,256.1
256.9,256.1
256.10,256.1
257.1,257.1
257.2,257.1
257.3,257.1
257.4,257.1
257.5,257.1
257.6,257.1
257.7,257.1
257.8,257.1
257.9,257.1
257.10,257.1
257.11,257.1
258.1,258.1
258.2,258.1
258.3,258.1
258.4,258.1
258.5,258.1
258.6,258.1
258.7,258.1
258.8,258.1
258.9,258.1
258.10,258.1
258.11,258.1
258.12,258.1
259.1,259.1
259.2,259.1
259.3,259.1
259.4,259.1
259.5,259.1
259.6,259.1
259.7,259.1
259.8,259.1
259.9,259.1
259.10,259.1
259.11,259.1
259.12,259.1
259.13,259.1
259.14,259.1
259.15,259.1
259.16,259.1
259.17,259.1
260.1,260.1
260.2,260.1
260.3,260.1
260.4,260.1
261.1,261.1
261.2,261.1
261.3,261.1
261.4,261.1
261.5,261.1
261.6,261.1
261.7,261.1
261.8,261.1
261.9,261.1
262.1,262.1
262.2,262.1
262.3,262.1
262.4,262.1
262.5,262.1
262.6,262.1
262.7,262.1
263.1,263.1
263.2,263.1
263.3,263.1
263.4,263.1
263.5,263.1
263.6,263.1
263.7,263.1
263.8,263.1
263.9,263.1
263.10,263.1
263.11,263.1
263.12,263.1
264.1,264.1
264.2,264.1
264.3,264.1
264.4,264.1
264.5,264.1
264.6,264.1
264.7,264.1
264.8,264.1
264.9,264.1
265.1,265.1
265.2,265.1
265.3,265.1
265.4,265.1
265.5,265.1
265.6,265.1
265.7,265.1
265.8,265.1
266.1,266.1
266.2,266.1
266.3,266.1
267.1,267.1
267.2,267.1
267.3,267.1
267.4,267.1
267.5,267.1
267.6,267.1
267.7,267.1
267.8,267.1
267.9,267.1
267.10,267.1
268.1,268.1
268.2,268.1
268.3,268.1
268.4,268.1
268.5,268.1
268.6,268.1
268.7,268.1
268.8,268.1
268.9,268.1
268.10,268.1
268.11,268.1
269.1,269.1
269.2,269.1
269.3,269.1
269.4,269.1
269.5,269.1
269.6,269.1
269.7,269.1
269.8,269.1
269.9,269.1
269.10,269.1
269.11,269.1
270.1,270.1
270.2,270.1
270.3,270.1
270.4,270.1
270.5,270.1
270.6,270.1
270.7,270.1
270.8,270.1
270.9,270.1
270.10,270.1
270.11,270.1
270.12,270.1
271.1,271.1
271.2,271.1
271.3,271.1
271.4,271.1
271.5,271.1
271.6,271.1
271.7,271.1
271.8,271.1
271.9,271.1
271.10,271.1
271.11,271.1
271.12,271.1
271.13,271.1
271.14,271.1
271.15,271.1
272.1,272.1
272.2,272.1
272.3,272.1
272.4,272.1
273.1,273.1
273.2,273.1
273.3,273.1
273.4,273.1
273.5,273.1
273.6,273.1
273.7,273.1
273.8,273.1
273.9,273.1
273.10,273.1
273.11,273.1
273.12,273.1
273.13,273.1
273.14,273.1
273.15,273.1
273.16,273.1
273.17,273.1
273.18,273.1
273.19,273.1
273.20,273.1
274.1,274.1
274.2,274.1
274.3,274.1
274.4,274.1
274.5,274.1
274.6,274.1
274.7,274.1
274.8,274.1
274.9,274.1
274.10,274.1
274.11,274.1
274.12,274.1
274.13,274.1
274.14,274.1
275.1,275.1
275.2,275.1
275.3,275.1
275.4,275.1
275.5,275.1
275.6,275.1
275.7,275.1
275.8,275.1
275.9,275.1
276.1,276.1
276.2,276.1
276.3,276.1
276.4,276.1
276.5,276.1
276.6,276.1
276.7,276.1
276.8,276.1
276.9,276.1
276.10,276.1
276.11,276.1
277.1,277.1
277.2,277.1
277.3,277.1
277.4,277.1
278.1,278.1
278.2,278.1
278.3,278.1
278.4,278.1
278.5,278.1
278.6,278.1
278.7,278.1
278.8,278.1
278.9,278.1
278.10,278.1
278.11,278.1
278.12,278.1
279.1,279.1
279.2,279.1
279.3,279.1
279.4,279.1
279.5,279.1
279.6,279.1
280.1,280.1
280.2,280.1
280.3,280.1
280.4,280.1
280.5,280.1
280.6,280.1
280.7,280.1
280.8,280.1
280.9,280.1
280.10,280.1
281.1,281.1
281.2,281.1
281.3,281.1
281.4,281.1
282.1,282.1
282.2,282.1
283.1,283.1
283.2,283.1
284.1,284.1
284.2,284.1
284.3,284.1
284.4,284.1
285.1,285.1
285.2,285.1
285.3,285.1
285.4,285.1
286.1,286.1
286.2,286.1
286.3,286.1
286.4,286.1
286.5,286.1
286.6,286.1
286.7,286.1
286.8,286.1
287.1,287.1
287.2,287.1
287.3,287.1
287.4,287.1
287.5,287.1
287.6,287.1
287.7,287.1
288.1,288.1
288.2,288.1
288.3,288.1
288.4,288.1
288.5,288.1
288.6,288.1
288.7,288.1
288.8,288.1
288.9,288.1
288.10,288.1
288.11,288.1
288.12,288.1
288.13,288.1
288.14,288.1
288.15,288.1
288.16,288.1
289.1,289.1
289.2,289.1
289.3,289.1
289.4,289.1
289.5,289.1
289.6,289.1
289.7,289.1
289.8,289.1
289.9,289.1
289.10,289.1
289.11,289.1
289.12,289.1
289.13,289.1
289.14,289.1
290.1,290.1
290.2,290.1
290.3,290.1
290.4,290.1
290.5,290.1
290.6,290.1
290.7,290.1
290.8,290.1
290.9,290.1
290.10,290.1
290.11,290.1
290.12,290.1
290.13,290.1
290.14,290.1
290.15,290.1
290.16,290.1
291.1,291.1
291.2,291.1
291.3,291.1
291.4,291.1
291.5,291.1
291.6,291.1
291.7,291.1
291.8,291.1
291.9,291.1
291.10,291.1
291.11,291.1
292.1,292.1
292.2,292.1
292.3,292.1
292.4,292.1
292.5,292.1
292.6,292.1
292.7,292.1
292.8,292.1
292.9,292.1
292.10,292.1
292.11,292.1
292.12,292.1
292.13,292.1
292.14,292.1
292.15,292.1
293.1,293.1
293.2,293.1
293.3,293.1
293.4,293.1
293.5,293.1
293.6,293.1
293.7,293.1
293.8,293.1
293.9,293.1
294.1,294.1
294.2,294.1
294.3,294.1
294.4,294.1
294.5,294.1
294.6,294.1
294.7,294.1
294.8,294.1
294.9,294.1
294.10,294.1
294.11,294.1
294.12,294.1
294.13,294.1
294.14,294.1
294.15,294.1
294.16,294.1
294.17,294.1
295.1,295.1
295.2,295.1
295.3,295.1
295.4,295.1
295.5,295.1
295.6,295.1
295.7,295.1
295.8,295.1
295.9,295.1
296.1,296.1
296.2,296.1
296.3,296.1
296.4,296.1
296.5,296.1
296.6,296.1
297.1,297.1
297.2,297.1
297.3,297.1
297.4,297.1
297.5,297.1
297.6,297.1
298.1,298.1
298.2,298.1
298.3,298.1
298.4,298.1
298.5,298.1
298.6,298.1
298.7,298.1
298.8,298.1
298.9,298.1
298.10,298.1
298.11,298.1
298.12,298.1
299.1,299.1
299.2,299.1
299.3,299.1
299.4,299.1
299.5,299.1
299.6,299.1
300.1,300.1
300.2,300.1
300.3,300.1
300.4,300.1
300.5,300.1
300.6,300.1
301.1,301.1
301.2,301.1
301.3,301.1
301.4,301.1
301.5,301.1
301.6,301.1
301.7,301.1
301.8,301.1
301.9,301.1
301.10,301.1
301.11,301.1
301.12,301.1
301.13,301.1
301.14,301.1
301.15,301.1
301.16,301.1
301.17,301.1
301.18,301.1
301.19,301.1
301.20,301.1
301.21,301.1
301.22,301.1
302.1,302.1
302.2,302.1
302.3,302.1
302.4,302.1
302.5,302.1
302.6,302.1
302.7,302.1
302.8,302.1
302.9,302.1
302.10,302.1
303.1,303.1
303.2,303.1
304.1,304.1
304.2,304.1
304.3,304.1
304.4,304.1
304.5,304.1
304.6,304.1
304.7,304.1
304.8,304.1
304.9,304.1
304.10,304.1
305.1,305.1
305.2,305.1
305.3,305.1
305.4,305.1
305.5,305.1
305.6,305.1
305.7,305.1
305.8,305.1
305.9,305.1
305.10,305.1
305.11,305.1
305.12,305.1
305.13,305.1
305.14,305.1
305.15,305.1
305.16,305.1
306.1,306.1
306.2,306.1
306.3,306.1
306.4,306.1
306.5,306.1
306.6,306.1
306.7,306.1
306.8,306.1
306.9,306.1
307.1,307.1
307.2,307.1
307.3,307.1
307.4,307.1
307.5,307.1
307.6,307.1
307.7,307.1
307.8,307.1
307.9,307.1
307.10,307.1
307.11,307.1
307.12,307.1
307.13,307.1
307.14,307.1
308.1,308.1
308.2,308.1
308.3,308.1
308.4,308.1
308.5,308.1
308.6,308.1
309.1,309.1
309.2,309.1
309.3,309.1
309.4,309.1
309.5,309.1
309.6,309.1
309.7,309.1
309.8,309.1
309.9,309.1
310.1,310.1
310.2,310.1
310.3,310.1
310.4,310.1
310.5,310.1
310.6,310.1
310.7,310.1
310.8,310.1
310.9,310.1
310.10,310.1
310.11,310.1
310.12,310.1
310.13,310.1
310.14,310.1
310.15,310.1
311.1,311.1
311.2,311.1
311.3,311.1
311.4,311.1
311.5,311.1
311.6,311.1
311.7,311.1
311.8,311.1
311.9,311.1
312.1,312.1
312.2,312.1
312.3,312.1
312.4,312.1
312.5,312.1
312.6,312.1
312.7,312.1
312.8,312.1
312.9,312.1
313.1,313.1
313.2,313.1
313.3,313.1
313.4,313.1
313.5,313.1
313.6,313.1
313.7,313.1
313.8,313.1
314.1,314.1
314.2,314.1
314.3,314.1
314.4,314.1
314.5,314.1
314.6,314.1
314.7,314.1
314.8,314.1
314.9,314.1
315.1,315.1
315.2,315.1
315.3,315.1
315.4,315.1
315.5,315.1
315.6,315.1
315.7,315.1
315.8,315.1
315.9,315.1
315.10,315.1
316.1,316.1
316.2,316.1
316.3,316.1
316.4,316.1
316.5,316.1
316.6,316.1
317.1,317.1
317.2,317.1
317.3,317.1
317.4,317.1
317.5,317.1
317.6,317.1
317.7,317.1
317.8,317.1
317.9,317.1
317.10,317.1
317.11,317.1
318.1,318.1
318.2,318.1
318.3,318.1
318.4,318.1
318.5,318.1
318.6,318.1
318.7,318.1
318.8,318.1
318.9,318.1
319.1,319.1
319.2,319.1
320.1,320.1
320.2,320.1
320.3,320.1
320.4,320.1
320.5,320.1
321.1,321.1
321.2,321.1
322.1,322.1
322.2,322.1
322.3,322.1
322.4,322.1
322.5,322.1
322.6,322.1
322.7,322.1
322.8,322.1
322.9,322.1
323.1,323.1
323.2,323.1
323.3,323.1
323.4,323.1
323.5,323.1
323.6,323.1
323.7,323.1
323.8,323.1
323.9,323.1
323.10,323.1
323.11,323.1
324.1,324.1
324.2,324.1
324.3,324.1
324.4,324.1
324.5,324.1
324.6,324.1
324.7,324.1
324.8,324.1
325.1,325.1
325.2,325.1
325.3,325.1
325.4,325.1
326.1,326.1
326.2,326.1
326.3,326.1
326.4,326.1
326.5,326.1
326.6,326.1
326.7,326.1
326.8,326.1
326.9,326.1
326.10,326.1
326.11,326.1
327.1,327.1
327.2,327.1
327.3,327.1
327.4,327.1
327.5,327.1
327.6,327.1
327.7,327.1
327.8,327.1
327.9,327.1
327.10,327.1
327.11,327.1
327.12,327.1
327.13,327.1
327.14,327.1
327.15,327.1
327.16,327.1
327.17,327.1
327.18,327.1
327.19,327.1
327.20,327.1
327.21,327.1
328.1,328.1
328.2,328.1
328.3,328.1
328.4,328.1
328.5,328.1
328.6,328.1
328.7,328.1
328.8,328.1
328.9,328.1
328.10,328.1
328.11,328.1
328.12,328.1
328.13,328.1
329.1,329.1
329.2,329.1
329.3,329.1
329.4,329.1
329.5,329.1
329.6,329.1
330.1,330.1
330.2,330.1
330.3,330.1
330.4,330.1
330.5,330.1
330.6,330.1
330.7,330.1
331.1,331.1
331.2,331.1
331.3,331.1
331.4,331.1
331.5,331.1
331.6,331.1
331.7,331.1
331.8,331.1
331.9,331.1
331.10,331.1
331.11,331.1
331.12,331.1
331.13,331.1
331.14,331.1
331.15,331.1
332.1,332.1
332.2,332.1
332.3,332.1
332.4,332.1
332.5,332.1
332.6,332.1
332.7,332.1
333.1,333.1
333.2,333.1
333.3,333.1
333.4,333.1
334.1,334.1
334.2,334.1
334.3,334.1
334.4,334.1
334.5,334.1
334.6,334.1
334.7,334.1
335.1,335.1
335.2,335.1
335.3,335.1
335.4,335.1
335.5,335.1
335.6,335.1
335.7,335.1
336.1,336.1
336.2,336.1
336.3,336.1
336.4,336.1
336.5,336.1
336.6,336.1
336.7,336.1
336.8,336.1
336.9,336.1
336.10,336.1
336.11,336.1
337.1,337.1
337.2,337.1
337.3,337.1
337.4,337.1
337.5,337.1
337.6,337.1
337.7,337.1
337.8,337.1
337.9,337.1
337.10,337.1
337.11,337.1
337.12,337.1
337.13,337.1
337.14,337.1
337.15,337.1
337.16,337.1
338.1,338.1
338.2,338.1
338.3,338.1
338.4,338.1
338.5,338.1
338.6,338.1
338.7,338.1
338.8,338.1
338.9,338.1
339.1,339.1
339.2,339.1
339.3,339.1
339.4,339.1
340.1,340.1
340.2,340.1
340.3,340.1
340.4,340.1
340.5,340.1
340.6,340.1
340.7,340.1
340.8,340.1
340.9,340.1
340.10,340.1
340.11,340.1
341.1,341.1
341.2,341.1
341.3,341.1
341.4,341.1
341.5,341.1
341.6,341.1
341.7,341.1
341.8,341.1
341.9,341.1
341.10,341.1
341.11,341.1
341.12,341.1
342.1,342.1
342.2,342.1
342.3,342.1
342.4,342.1
342.5,342.1
342.6,342.1
342.7,342.1
342.8,342.1
342.9,342.1
342.10,342.1
342.11,342.1
342.12,342.1
342.13,342.1
342.14,342.1
342.15,342.1
342.16,342.1
342.17,342.1
343.1,343.1
343.2,343.1
343.3,343.1
343.4,343.1
343.5,343.1
343.6,343.1
344.1,344.1
344.2,344.1
344.3,344.1
344.4,344.1
345.1,345.1
345.2,345.1
345.3,345.1
345.4,345.1
345.5,345.1
345.6,345.1
345.7,345.1
345.8,345.1
345.9,345.1
345.10,345.1
345.11,345.1
345.12,345.1
345.13,345.1
345.14,345.1
346.1,346.1
346.2,346.1
346.3,346.1
346.4,346.1
346.5,346.1
346.6,346.1
346.7,346.1
346.8,346.1
346.9,346.1
346.10,346.1
346.11,346.1
346.12,346.1
347.1,347.1
347.2,347.1
347.3,347.1
347.4,347.1
347.5,347.1
347.6,347.1
347.7,347.1
348.1,348.1
348.2,348.1
348.3,348.1
348.4,348.1
348.5,348.1
348.6,348.1
348.7,348.1
349.1,349.1
349.2,349.1
349.3,349.1
349.4,349.1
349.5,349.1
349.6,349.1
349.7,349.1
349.8,349.1
349.9,349.1
349.10,349.1
349.11,349.1
349.12,349.1
349.13,349.1
349.14,349.1
349.15,349.1
349.16,349.1
349.17,349.1
350.1,350.1
350.2,350.1
350.3,350.1
350.4,350.1
350.5,350.1
351.1,351.1
351.2,351.1
351.3,351.1
351.4,351.1
351.5,351.1
351.6,351.1
351.7,351.1
351.8,351.1
351.9,351.1
351.10,351.1
351.11,351.1
351.12,351.1
351.13,351.1
351.14,351.1
351.15,351.1
351.16,351.1
352.1,352.1
353.1,353.1
353.2,353.1
353.3,353.1
353.4,353.1
353.5,353.1
353.6,353.1
353.7,353.1
353.8,353.1
353.9,353.1
353.10,353.1
353.11,353.1
353.12,353.1
353.13,353.1
353.14,353.1
354.1,354.1
354.2,354.1
354.3,354.1
354.4,354.1
354.5,354.1
354.6,354.1
354.7,354.1
354.8,354.1
354.9,354.1
354.10,354.1
354.11,354.1
354.12,354.1
354.13,354.1
355.1,355.1
355.2,355.1
356.1,356.1
356.2,356.1
356.3,356.1
356.4,356.1
356.5,356.1
357.1,357.1
357.2,357.1
357.3,357.1
357.4,357.1
357.5,357.1
357.6,357.1
357.7,357.1
357.8,357.1
358.1,358.1
358.2,358.1
358.3,358.1
358.4,358.1
358.5,358.1
358.6,358.1
358.7,358.1
359.1,359.1
359.2,359.1
359.3,359.1
359.4,359.1
359.5,359.1
359.6,359.1
359.7,359.1
359.8,359.1
359.9,359.1
360.1,360.1
360.2,360.1
360.3,360.1
360.4,360.1
360.5,360.1
360.6,360.1
360.7,360.1
360.8,360.1
360.9,360.1
360.10,360.1
360.11,360.1
360.12,360.1
360.13,360.1
360.14,360.1
360.15,360.1
360.16,360.1
361.1,361.1
361.2,361.1
361.3,361.1
361.4,361.1
361.5,361.1
361.6,361.1
361.7,361.1
361.8,361.1
361.9,361.1
361.10,361.1
361.11,361.1
361.12,361.1
361.13,361.1
361.14,361.1
361.15,361.1
361.16,361.1
361.17,361.1
361.18,361.1
361.19,361.1
361.20,361.1
362.1,362.1
362.2,362.1
362.3,362.1
362.4,362.1
362.5,362.1
362.6,362.1
363.1,363.1
363.2,363.1
363.3,363.1
363.4,363.1
363.5,363.1
363.6,363.1
363.7,363.1
363.8,363.1
363.9,363.1
363.10,363.1
363.11,363.1
364.1,364.1
364.2,364.1
364.3,364.1
364.4,364.1
364.5,364.1
364.6,364.1
364.7,364.1
364.8,364.1
364.9,364.1
364.10,364.1
364.11,364.1
364.12,364.1
364.13,364.1
365.1,365.1
365.2,365.1
365.3,365.1
365.4,365.1
365.5,365.1
365.6,365.1
365.7,365.1
365.8,365.1
365.9,365.1
365.10,365.1
365.11,365.1
365.12,365.1
365.13,365.1
365.14,365.1
365.15,365.1
365.16,365.1
365.17,365.1
365.18,365.1
365.19,365.1
366.1,366.1
366.2,366.1
366.3,366.1
366.4,366.1
366.5,366.1
366.6,366.1
366.7,366.1
366.8,366.1
366.9,366.1
366.10,366.1
366.11,366.1
366.12,366.1
366.13,366.1
366.14,366.1
366.15,366.1
367.1,367.1
367.2,367.1
367.3,367.1
367.4,367.1
367.5,367.1
367.6,367.1
367.7,367.1
367.8,367.1
367.9,367.1
367.10,367.1
367.11,367.1
367.12,367.1
367.13,367.1
367.14,367.1
368.1,368.1
368.2,368.1
368.3,368.1
368.4,368.1
368.5,368.1
368.6,368.1
368.7,368.1
368.8,368.1
368.9,368.1
368.10,368.1
368.11,368.1
368.12,368.1
368.13,368.1
368.14,368.1
368.15,368.1
368.16,368.1
368.17,368.1
369.1,369.1
369.2,369.1
369.3,369.1
369.4,369.1
369.5,369.1
369.6,369.1
369.7,369.1
369.8,369.1
370.1,370.1
370.2,370.1
370.3,370.1
370.4,370.1
370.5,370.1
370.6,370.1
370.7,370.1
370.8,370.1
371.1,371.1
371.2,371.1
371.3,371.1
371.4,371.1
371.5,371.1
371.6,371.1
371.7,371.1
371.8,371.1
372.1,372.1
372.2,372.1
372.3,372.1
372.4,372.1
372.5,372.1
372.6,372.1
372.7,372.1
372.8,372.1
372.9,372.1
372.10,372.1
372.11,372.1
372.12,372.1
372.13,372.1
372.14,372.1
373.1,373.1
373.2,373.1
373.3,373.1
373.4,373.1
373.5,373.1
373.6,373.1
373.7,373.1
373.8,373.1
373.9,373.1
373.10,373.1
373.11,373.1
373.12,373.1
374.1,374.1
374.2,374.1
374.3,374.1
374.4,374.1
374.5,374.1
374.6,374.1
374.7,374.1
374.8,374.1
374.9,374.1
374.10,374.1
374.11,374.1
374.12,374.1
374.13,374.1
374.14,374.1
374.15,374.1
374.16,374.1
374.17,374.1
375.1,375.1
375.2,375.1
375.3,375.1
375.4,375.1
375.5,375.1
375.6,375.1
375.7,375.1
376.1,376.1
376.2,376.1
376.3,376.1
376.4,376.1
377.1,377.1
377.2,377.1
377.3,377.1
377.4,377.1
377.5,377.1
378.1,378.1
378.2,378.1
378.3,378.1
378.4,378.1
379.1,379.1
379.2,379.1
380.1,380.1
380.2,380.1
380.3,380.1
380.4,380.1
380.5,380.1
380.6,380.1
381.1,381.1
381.2,381.1
381.3,381.1
381.4,381.1
381.5,381.1
381.6,381.1
381.7,381.1
382.1,382.1
382.2,382.1
382.3,382.1
383.1,383.1
383.2,383.1
383.3,383.1
383.4,383.1
384.1,384.1
384.2,384.1
384.3,384.1
384.4,384.1
385.1,385.1
386.1,386.1
386.2,386.1
386.3,386.1
386.4,386.1
386.5,386.1
386.6,386.1
387.1,387.1
387.2,387.1
387.3,387.1
387.4,387.1
387.5,387.1
388.1,388.1
388.2,388.1
388.3,388.1
388.4,388.1
388.5,388.1
388.6,388.1
388.7,388.1
388.8,388.1
388.9,388.1
389.1,389.1
389.2,389.1
389.3,389.1
389.4,389.1
390.1,390.1
390.2,390.1
390.3,390.1
390.4,390.1
390.5,390.1
391.1,391.1
391.2,391.1
391.3,391.1
391.4,391.1
391.5,391.1
392.1,392.1
392.2,392.1
392.3,392.1
393.1,393.1
393.2,393.1
393.3,393.1
393.4,393.1
393.5,393.1
393.6,393.1
393.7,393.1
394.1,394.1
395.1,395.1
395.2,395.1
395.3,395.1
395.4,395.1
396.1,396.1
396.2,396.1
396.3,396.1
396.4,396.1
396.5,396.1
396.6,396.1
396.7,396.1
397.1,397.1
397.2,397.1
398.1,398.1
398.2,398.1
398.3,398.1
399.1,399.1
399.2,399.1
399.3,399.1
399.4,399.1
400.1,400.1
400.2,400.1
400.3,400.1
400.4,400.1
400.5,400.1
400.6,400.1
400.7,400.1
401.1,401.1
401.2,401.1
401.3,401.1
401.4,401.1
401.5,401.1
401.6,401.1
402.1,402.1
402.2,402.1
402.3,402.1
402.4,402.1
402.5,402.1
402.6,402.1
402.7,402.1
402.8,402.1
402.9,402.1
402.10,402.1
