recid1,recid2
1.1,1.11
1.10,1.12
1.12,1.3
1.3,1.4
1.4,1.8
1.8,1.9
1.9,1.5
1.5,1.6
1.6,1.7
1.7,1.14
1.14,1.13
1.13,1.2
2.5,2.6
2.6,2.7
2.7,2.1
2.1,2.2
2.2,2.8
2.8,2.9
2.9,2.4
2.4,2.10
2.10,2.3
3.6,3.1
3.1,3.10
3.10,3.2
3.2,3.9
3.9,3.8
3.8,3.7
3.7,3.4
3.3,3.5
4.1,4.7
4.7,4.8
4.8,4.11
4.11,4.12
4.12,4.2
4.2,4.4
4.4,4.5
4.5,4.9
4.9,4.10
4.10,4.13
4.13,4.3
4.3,4.6
5.2,5.5
5.5,5.6
5.6,5.7
5.7,5.8
5.8,5.9
5.9,5.12
5.12,5.4
5.4,5.10
5.10,5.3
5.3,5.1
5.1,5.11
6.10,6.2
6.2,6.5
6.5,6.8
6.8,6.4
6.4,6.6
6.6,6.1
6.1,6.3
6.3,6.7
6.7,6.9
7.2,7.3
7.3,7.1
8.1,8.3
8.3,8.2
9.1,9.5
9.5,9.2
9.2,9.4
9.4,9.3
10.8,10.7
10.7,10.9
10.9,10.4
10.4,10.1
10.1,10.10
10.10,10.2
10.2,10.3
10.3,10.5
10.5,10.6
11.2,11.7
11.7,11.4
11.4,11.8
11.8,11.1
11.1,11.3
11.3,11.6
11.6,11.9
11.9,11.5
12.1,12.12
12.12,12.7
12.7,12.10
12.10,12.2
12.2,12.4
12.4,12.5
12.5,12.6
12.6,12.8
12.8,12.11
12.11,12.9
12.9,12.3
13.4,13.1
13.1,13.2
13.2,13.5
13.5,13.7
13.7,13.3
13.3,13.8
13.8,13.6
14.1,14.2
14.2,14.3
14.3,14.4
14.4,14.5
14.5,14.6
14.6,14.7
14.7,14.8
15.1,15.8
15.3,15.12
15.12,15.11
15.11,15.13
15.13,15.5
15.5,15.6
15.6,15.10
15.10,15.2
15.2,15.4
15.4,15.7
15.7,15.9
16.1,16.10
16.10,16.11
16.11,16.2
16.2,16.4
16.4,16.8
16.8,16.12
16.12,16.3
16.3,16.5
16.5,16.6
16.6,16.7
16.7,16.9
17.6,17.2
17.2,17.9
17.9,17.1
17.1,17.13
17.13,17.14
17.14,17.15
17.15,17.4
17.4,17.8
17.8,17.10
17.10,17.11
17.11,17.12
17.12,17.3
17.3,17.5
17.5,17.7
18.3,18.4
18.4,18.5
18.5,18.7
18.7,18.8
18.8,18.9
18.9,18.1
18.1,18.10
18.10,18.11
18.11,18.12
18.12,18.2
18.2,18.6
19.2,19.1
20.1,20.2
21.3,21.6
21.6,21.4
21.4,21.8
21.8,21.1
21.1,21.2
21.2,21.5
21.5,21.9
21.9,21.7
22.4,22.8
22.8,22.1
22.1,22.5
22.5,22.6
22.6,22.7
22.7,22.3
22.3,22.2
22.2,22.9
23.12,23.3
23.3,23.1
23.1,23.2
23.2,23.4
23.4,23.6
23.6,23.8
23.8,23.9
23.9,23.11
23.11,23.7
23.7,23.10
23.10,23.5
24.4,24.6
24.6,25.1
25.1,24.1
24.1,24.2
24.2,24.5
24.5,24.3
24.3,24.7
25.3,25.2
26.5,26.1
26.3,26.6
26.6,26.4
26.4,26.2
27.1,27.11
27.11,27.13
27.13,27.15
27.15,27.2
27.2,27.3
27.3,27.10
27.10,27.12
27.12,27.16
27.16,27.7
27.7,27.8
27.8,27.9
27.9,27.4
27.4,27.14
27.14,27.6
27.6,27.5
28.5,28.4
28.4,28.3
28.3,28.1
28.1,28.2
29.1,29.10
29.10,29.4
29.4,29.8
29.8,29.13
29.13,29.5
29.5,29.14
29.14,29.11
29.11,29.3
29.3,29.12
29.12,29.15
29.15,29.2
29.2,29.6
29.6,29.7
29.7,29.9
30.17,30.18
30.18,30.3
30.3,30.5
30.5,30.2
30.2,30.15
30.15,30.4
30.4,30.1
30.1,30.10
30.10,30.12
30.12,30.13
30.13,30.19
30.19,30.9
30.9,30.8
30.8,30.6
30.6,30.11
30.11,30.14
30.14,30.16
30.16,30.7
31.1,31.10
31.10,31.2
31.2,31.3
31.3,31.4
31.4,31.6
31.6,31.9
31.9,31.5
31.5,31.7
31.7,31.8
32.5,32.3
32.3,32.1
32.1,32.2
32.2,32.4
33.2,33.4
33.4,33.1
33.1,33.3
34.1,34.2
35.10,35.13
35.13,35.4
35.4,35.5
35.5,35.6
35.6,35.9
35.9,35.3
35.3,35.1
35.1,35.12
35.12,35.2
35.2,35.7
35.7,35.11
35.11,35.8
36.2,36.4
36.4,36.6
36.6,36.7
36.7,36.8
36.8,36.1
36.1,36.9
36.9,36.5
36.5,36.10
36.10,36.3
38.6,38.3
38.3,37.1
37.1,37.11
37.11,38.1
38.1,38.4
38.4,38.7
38.7,38.8
38.8,38.11
38.11,38.10
38.10,38.2
38.2,38.9
37.4,37.2
37.2,37.12
37.12,37.3
37.3,37.5
37.5,37.8
37.8,37.9
37.9,37.13
37.13,37.7
37.7,37.10
37.10,37.6
38.12,38.5
39.3,39.1
39.1,39.2
39.2,39.4
39.4,39.5
40.10,40.12
40.12,40.1
40.1,40.11
40.11,40.14
40.14,40.17
40.17,40.2
40.2,40.9
40.9,40.3
40.3,40.8
40.8,40.15
40.15,40.16
40.16,40.4
40.4,40.5
40.5,40.13
40.13,40.6
40.6,40.7
41.1,41.11
41.11,41.2
41.2,41.6
41.6,41.7
41.7,41.9
41.9,41.12
41.12,41.13
41.13,41.3
41.3,41.4
41.4,41.5
41.5,41.8
41.8,41.14
41.14,41.10
42.1,42.10
42.10,42.2
42.2,42.5
42.5,42.6
42.6,42.9
42.9,42.3
42.3,42.4
42.4,42.7
42.7,42.8
43.2,43.4
43.4,43.6
43.6,43.8
43.8,43.1
43.1,43.3
43.3,43.5
43.5,43.7
44.4,44.2
44.2,44.3
44.3,44.5
44.5,44.1
45.1,45.4
45.4,45.2
45.2,45.3
46.3,46.2
46.2,46.1
46.1,46.4
46.4,46.5
47.10,47.4
47.4,47.5
47.5,47.9
47.9,47.1
47.1,47.6
47.6,47.2
47.2,47.3
47.3,47.7
47.7,47.8
48.2,48.1
48.1,48.4
48.4,48.5
48.5,48.3
49.6,49.3
49.3,49.1
49.1,49.2
49.2,49.4
49.4,49.5
49.5,49.7
49.7,49.8
49.8,49.9
50.1,50.10
50.10,50.2
50.2,50.8
50.8,50.11
50.11,50.5
50.5,50.6
50.6,50.7
50.7,50.9
50.9,50.3
50.3,50.4
51.12,51.15
51.15,51.2
51.2,51.4
51.4,51.11
51.11,51.9
51.9,51.10
51.10,51.17
51.17,51.18
51.18,51.3
51.3,51.5
51.5,51.7
51.7,51.1
51.1,51.13
51.13,51.14
51.14,51.16
51.16,51.6
51.6,51.8
52.4,52.6
52.6,52.2
52.2,52.7
52.7,52.8
52.8,52.3
52.3,52.5
52.5,52.1
53.1,53.3
53.3,53.6
53.6,53.7
53.7,53.9
53.9,53.4
53.4,53.5
53.2,53.8
53.8,54.1
54.1,54.2
54.2,54.3
54.3,54.5
54.5,54.7
54.7,54.9
54.9,54.4
54.4,54.6
54.6,54.8
55.1,55.6
55.6,55.2
55.2,55.3
55.3,55.4
55.4,55.5
55.5,55.7
55.7,55.8
56.7,56.5
56.5,56.6
56.6,56.1
56.1,56.2
56.2,56.3
56.3,56.4
56.4,56.8
56.8,56.9
57.2,57.1
57.1,57.3
57.3,57.4
57.4,57.5
57.5,57.7
57.7,57.9
57.9,57.6
57.6,57.10
57.10,57.8
58.12,58.17
58.17,58.22
58.22,58.24
58.24,58.4
58.4,58.5
58.5,58.6
58.6,58.21
58.21,58.1
58.1,58.13
58.13,58.16
58.16,58.19
58.19,58.7
58.7,58.8
58.8,58.14
58.14,58.2
58.2,58.20
58.20,58.9
58.9,58.10
58.10,58.11
58.11,58.15
58.15,58.18
58.18,58.23
58.23,58.3
59.1,59.2
59.2,59.3
59.3,59.8
59.8,59.4
59.4,59.5
59.5,59.6
59.6,59.7
60.11,60.10
60.10,60.12
60.12,60.17
60.17,60.2
60.2,60.3
60.3,60.7
60.7,60.1
60.1,60.15
60.15,60.13
60.13,60.14
60.14,60.16
60.16,60.4
60.4,60.5
60.5,60.8
60.8,60.9
60.9,60.6
61.3,61.4
61.4,61.5
61.5,61.1
61.1,61.2
61.2,61.6
61.6,61.7
62.1,62.2
63.3,63.2
63.2,63.5
63.5,63.1
63.1,63.4
64.8,64.7
64.7,64.10
64.10,64.2
64.2,64.3
64.3,64.5
64.5,64.6
64.6,64.9
64.9,64.1
64.1,64.11
64.11,64.12
64.12,64.4
65.3,65.4
65.4,65.1
65.1,65.2
66.7,66.3
66.3,66.1
66.1,66.2
66.2,66.4
66.4,66.5
66.5,66.6
66.6,66.8
67.12,67.1
67.1,67.3
67.3,67.8
67.8,67.9
67.9,67.7
67.7,67.10
67.10,67.11
67.11,67.2
67.2,67.4
67.4,67.5
67.5,67.6
68.7,68.10
68.10,68.14
68.14,68.2
68.2,68.3
68.3,68.5
68.5,68.8
68.8,68.1
68.1,68.12
68.12,68.13
68.13,68.4
68.4,68.6
68.6,68.9
68.9,68.11
69.12,69.18
69.18,69.20
69.20,69.4
69.4,69.6
69.6,69.9
69.9,69.1
69.1,69.17
69.17,69.14
69.14,69.19
69.19,69.3
69.3,69.7
69.7,69.10
69.10,69.11
69.11,69.13
69.13,69.2
69.2,69.5
69.5,69.8
69.8,69.15
69.15,69.16
70.6,70.7
70.7,70.3
70.3,70.5
70.5,70.1
70.1,70.2
70.2,70.4
70.4,70.8
71.6,71.1
71.1,71.2
71.2,71.4
71.4,71.5
71.5,71.3
72.7,72.1
72.1,72.10
72.10,72.11
72.11,72.3
72.3,72.4
72.4,72.6
72.6,72.8
72.8,72.5
72.5,72.9
72.9,72.2
73.11,73.2
73.2,73.3
73.3,73.5
73.5,73.7
73.7,73.9
73.9,73.8
73.8,73.1
73.1,73.10
73.10,73.4
73.4,73.6
74.1,74.2
74.2,74.4
74.4,74.6
74.6,74.7
74.7,74.8
74.8,74.5
74.5,74.3
75.2,75.1
75.1,75.4
76.12,76.15
76.15,76.2
76.2,76.5
76.5,76.7
76.7,76.9
76.9,76.6
76.6,76.8
76.8,76.1
76.1,76.11
76.11,76.13
76.13,76.14
76.14,76.3
76.3,76.4
76.4,76.10
77.3,77.12
77.12,77.15
77.15,77.6
77.6,77.8
77.8,77.5
77.5,77.2
77.2,77.9
77.9,77.1
77.1,77.10
77.10,77.11
77.11,77.14
77.14,77.4
77.4,77.7
77.7,77.13
78.7,78.4
78.4,78.1
78.1,78.2
78.2,78.3
78.3,78.5
78.5,78.6
79.8,79.1
79.1,79.2
79.2,79.5
79.5,79.7
79.7,79.3
79.3,79.4
80.1,80.11
80.11,80.12
80.12,80.3
80.3,80.4
80.4,80.7
80.7,80.10
80.10,80.2
80.2,80.5
80.5,80.6
80.6,80.8
80.8,80.9
81.11,81.13
81.13,81.20
81.20,81.21
81.21,81.6
81.6,81.8
81.8,81.14
81.14,81.7
81.7,81.18
81.18,81.19
81.19,81.3
81.3,81.9
81.9,81.16
81.16,81.1
81.1,81.10
81.10,81.12
81.12,81.15
81.15,81.17
81.17,81.4
81.4,81.2
81.2,81.5
82.9,82.12
82.12,82.15
82.15,82.4
82.4,82.6
82.6,82.8
82.8,82.1
82.1,82.10
82.10,82.13
82.13,82.2
82.2,82.5
82.5,82.7
82.7,82.11
82.11,82.3
82.3,82.14
83.5,83.10
83.10,83.12
83.12,83.2
83.2,83.3
83.3,83.4
83.4,83.9
83.9,83.11
83.11,83.6
83.6,83.8
83.8,83.1
83.1,83.7
84.11,84.15
84.15,84.3
84.3,84.5
84.5,84.7
84.7,84.9
84.9,84.1
84.1,84.6
84.6,84.12
84.12,84.13
84.13,84.4
84.4,84.8
84.8,84.10
84.10,84.2
84.2,84.14
85.10,85.11
85.11,85.12
85.12,85.2
85.2,85.7
85.7,85.9
85.9,85.15
85.15,85.17
85.17,85.18
85.18,85.3
85.3,85.5
85.5,85.8
85.8,85.14
85.14,85.19
85.19,85.1
85.1,85.13
85.13,85.16
85.16,85.4
85.4,85.6
86.1,86.11
86.11,86.2
86.2,86.6
86.6,86.7
86.7,86.9
86.9,86.3
86.3,86.5
86.5,86.8
86.8,86.10
86.10,86.4
87.3,87.5
87.5,87.6
87.6,87.7
87.7,87.8
87.8,87.9
87.9,87.1
87.1,87.10
87.10,87.11
87.11,87.2
87.2,87.12
87.12,87.4
88.3,88.1
88.1,88.2
88.2,88.4
88.4,88.5
88.5,88.6
88.6,88.8
88.8,88.7
88.7,88.9
89.1,89.10
89.10,89.13
89.6,89.9
89.9,89.12
89.12,89.5
89.5,89.3
89.3,89.7
89.7,89.2
89.2,89.15
89.15,89.8
89.8,89.11
89.14,89.4
90.13,90.12
90.12,90.6
90.6,90.1
90.1,90.11
90.11,90.15
90.15,90.3
90.3,90.4
90.4,90.9
90.9,90.17
90.17,90.7
90.7,90.5
90.5,90.10
90.10,90.14
90.14,90.2
90.2,90.8
90.8,90.16
91.1,91.3
91.3,91.4
91.4,91.5
91.2,91.6
92.2,92.1
93.16,93.2
93.2,93.1
93.1,93.9
93.9,93.10
93.10,93.11
93.11,93.15
93.15,93.5
93.5,93.6
93.6,93.7
93.7,93.3
93.3,93.8
93.8,93.13
93.13,93.14
93.14,93.12
93.12,93.4
94.10,94.6
94.6,94.11
94.11,94.12
94.12,94.13
94.13,94.3
94.3,94.7
94.7,94.9
94.9,94.1
94.1,94.4
94.4,94.8
94.8,94.2
94.2,94.5
95.13,95.2
95.2,95.4
95.4,95.9
95.9,95.1
95.1,95.10
95.10,95.11
95.11,95.7
95.8,95.5
95.5,95.3
95.3,95.12
95.12,95.6
96.4,96.5
96.5,96.7
96.7,96.8
96.8,96.1
96.1,96.10
96.10,96.2
96.2,96.9
96.9,96.6
96.6,96.3
97.1,97.8
97.8,97.12
97.12,97.4
97.4,97.7
97.7,97.9
97.9,97.10
97.10,97.11
97.11,97.13
97.13,97.2
97.2,97.5
97.5,97.6
97.6,97.3
98.1,98.2
98.2,98.5
98.5,98.6
98.6,98.3
98.3,98.4
99.1,99.14
99.14,99.12
99.12,99.2
99.2,99.5
99.5,99.8
99.8,99.10
99.10,99.4
99.4,99.7
99.7,99.15
99.15,99.11
99.11,99.13
99.13,99.3
99.3,99.6
100.14,100.6
100.6,100.7
100.7,100.10
100.10,100.12
100.12,100.15
100.15,100.2
100.2,100.3
100.3,100.5
100.5,100.1
100.1,100.11
100.11,100.13
100.13,100.4
100.4,100.8
100.8,100.9
101.9,101.11
101.11,101.16
101.16,101.2
101.2,101.3
101.3,101.10
101.10,101.12
101.12,101.15
101.15,101.4
101.4,101.6
101.6,101.7
101.7,101.1
101.1,101.13
101.13,101.14
101.14,101.17
101.17,101.5
101.5,101.8
102.2,102.1
103.1,103.6
103.6,103.2
103.2,103.3
103.3,103.4
103.4,103.5
104.3,104.4
104.4,104.8
104.8,104.9
104.9,104.1
104.1,104.7
104.7,104.5
104.5,104.10
104.10,104.2
104.2,104.6
105.5,105.1
105.1,105.3
105.3,105.2
105.2,105.4
106.3,106.2
106.2,106.1
106.1,106.4
106.4,106.5
106.5,106.6
106.6,106.8
106.8,106.9
106.9,106.7
107.3,107.1
107.1,107.2
107.2,107.4
108.1,108.2
108.2,108.3
108.3,108.4
108.4,108.5
108.5,108.6
109.1,109.3
109.3,109.2
109.2,109.4
109.4,109.5
110.3,110.4
110.4,110.1
110.1,110.10
110.10,110.11
110.11,110.2
110.2,110.5
110.5,110.9
110.9,110.14
110.14,110.12
110.12,110.13
110.13,110.15
110.15,110.6
110.6,110.7
110.7,110.8
111.1,111.12
111.12,111.15
111.15,111.16
111.16,111.3
111.3,111.8
111.8,111.10
111.10,111.14
111.14,111.18
111.18,111.19
111.19,111.2
111.2,111.4
111.4,111.5
111.5,111.11
111.11,111.13
111.13,111.20
111.20,111.6
111.6,111.7
111.7,111.9
111.9,111.17
112.6,112.8
112.8,112.4
112.4,112.10
112.10,112.2
112.2,112.3
112.3,112.9
112.9,112.5
112.5,112.7
112.7,112.1
113.4,113.2
113.2,113.3
113.3,113.1
113.1,113.6
113.6,113.5
114.6,114.1
114.1,114.2
114.2,114.3
114.3,114.5
114.5,114.7
114.7,114.4
115.10,115.9
115.9,115.11
115.11,115.2
115.2,115.3
115.3,115.5
115.5,115.6
115.6,115.8
115.8,115.1
115.1,115.7
115.7,115.4
116.15,116.21
116.21,116.7
116.7,116.8
116.8,116.23
116.23,116.24
116.24,116.25
116.25,116.3
116.3,116.4
116.4,116.5
116.5,116.10
116.10,116.12
116.12,116.17
116.17,116.19
116.19,116.2
116.2,116.22
116.22,116.13
116.13,116.18
116.18,116.20
116.20,116.26
116.26,116.6
116.6,116.9
116.9,116.1
116.1,116.11
116.11,116.14
116.14,116.16
116.16,116.27
116.27,116.28
117.3,117.1
117.1,117.2
118.1,118.3
118.3,118.4
118.4,118.5
119.1,119.2
119.2,119.3
119.3,119.5
119.5,119.4
119.4,119.6
120.6,120.4
120.4,120.8
120.8,120.1
120.1,120.3
120.3,120.9
120.10,120.12
120.12,120.2
120.2,120.5
120.5,120.11
120.11,120.7
121.10,121.2
121.2,121.3
121.3,121.6
121.6,121.7
121.7,121.9
121.9,121.8
121.8,121.1
121.1,121.4
121.4,121.11
121.11,121.5
122.3,122.1
122.1,122.4
122.4,122.2
122.2,122.5
123.13,123.3
123.3,123.12
123.12,123.10
123.10,123.15
123.15,123.16
123.16,123.6
123.6,123.7
123.7,123.8
123.8,123.4
123.4,123.1
123.1,123.11
123.11,123.14
123.14,123.2
123.2,123.9
123.9,123.5
124.5,124.6
124.6,124.3
124.3,124.1
124.1,124.2
124.2,124.4
125.1,125.2
126.1,126.2
126.2,126.3
127.16,127.17
127.17,127.6
127.6,127.7
127.7,127.12
127.12,127.10
127.10,127.13
127.13,127.14
127.14,127.4
127.4,127.5
127.5,127.8
127.8,127.1
127.1,127.11
127.11,127.15
127.15,127.3
127.3,127.9
127.9,127.2
128.9,128.8
128.8,128.11
128.11,128.13
128.13,128.3
128.3,128.4
128.4,128.12
128.12,128.1
128.1,128.10
128.10,128.2
128.2,128.5
128.5,128.6
128.6,128.7
129.1,129.10
129.10,129.4
129.4,129.5
129.5,129.6
129.6,129.7
129.7,129.11
129.11,129.8
129.8,129.3
129.3,129.12
129.12,129.2
129.2,129.9
130.1,130.2
130.2,130.3
130.3,130.4
130.4,130.5
130.5,130.7
130.7,130.6
131.3,131.2
131.2,131.1
132.1,132.2
132.2,132.3
132.3,132.5
132.5,132.6
132.6,132.8
132.8,132.9
132.9,132.10
132.10,132.7
132.7,132.4
133.16,133.13
133.13,133.17
133.17,133.18
133.18,133.6
133.6,133.7
133.7,133.8
133.8,133.19
133.19,133.10
133.10,133.12
133.12,133.2
133.2,133.20
133.20,133.4
133.4,133.5
133.5,133.15
133.15,133.1
133.1,133.11
133.11,133.14
133.14,133.3
133.3,133.9
134.9,134.13
134.13,134.19
134.19,134.6
134.6,134.8
134.8,134.1
134.1,134.10
134.10,134.11
134.11,134.18
134.18,134.2
134.2,134.7
134.7,134.17
134.17,134.12
134.12,134.14
134.14,134.16
134.16,134.3
134.3,134.4
134.4,134.5
134.5,134.15
135.1,135.2
136.3,136.2
136.2,136.4
136.4,136.1
137.6,137.9
137.9,137.4
137.4,137.12
137.12,137.3
137.3,137.1
137.1,137.10
137.10,137.11
137.11,137.2
137.2,137.5
137.5,137.8
137.8,137.7
138.4,138.1
138.1,138.2
138.2,138.3
139.1,139.12
139.12,139.14
139.14,139.3
139.3,139.5
139.5,139.8
139.8,139.13
139.13,139.7
139.7,139.10
139.10,139.11
139.11,139.2
139.2,139.4
139.4,139.6
139.6,139.9
140.4,140.10
140.10,140.11
140.11,140.13
140.13,140.3
140.3,140.7
140.7,140.8
140.8,140.2
140.2,140.9
140.9,140.5
140.5,140.1
140.1,140.12
140.12,140.6
141.8,141.1
141.1,141.9
141.9,141.5
141.5,141.3
141.3,141.4
141.4,141.6
141.6,141.7
141.7,141.2
142.1,142.11
142.11,142.2
142.2,142.8
142.8,142.4
142.4,142.10
142.10,142.6
142.6,142.9
142.9,142.3
142.3,142.5
142.5,142.7
143.11,143.7
143.7,143.15
143.15,143.6
143.6,143.1
143.1,143.12
143.12,143.14
143.14,143.16
143.16,143.3
143.3,143.5
143.5,143.10
143.10,143.13
143.13,143.2
143.2,143.4
143.4,143.8
143.8,143.9
144.19,144.21
144.21,144.3
144.3,144.7
144.7,144.17
144.17,144.18
144.18,144.4
144.4,144.8
144.8,144.6
144.6,144.13
144.13,144.1
144.1,144.12
144.12,144.14
144.14,144.20
144.20,144.5
144.5,144.9
144.9,144.2
144.2,144.11
144.11,144.10
144.10,144.16
145.11,145.2
145.2,145.3
145.3,145.7
145.7,145.10
145.10,145.4
145.4,145.5
145.5,145.6
145.6,145.8
145.8,145.9
145.9,145.1
146.10,146.2
146.2,146.3
146.3,146.8
146.8,146.6
146.6,146.1
146.1,146.11
146.11,146.12
146.12,146.4
146.4,146.5
146.5,146.7
146.7,146.9
147.3,147.5
147.5,147.1
147.1,147.6
147.6,147.2
147.2,147.4
147.4,147.7
148.1,148.11
148.11,148.13
148.13,148.15
148.15,148.6
148.6,148.7
148.7,148.5
148.5,148.12
148.12,148.2
148.2,148.3
148.3,148.4
148.4,148.8
148.8,148.9
148.9,148.10
148.10,148.14
149.5,149.6
149.6,149.1
149.1,149.2
149.2,149.3
149.3,149.4
149.4,149.7
149.7,149.8
150.12,150.14
150.14,150.15
150.15,150.21
150.21,150.6
150.6,150.8
150.8,150.10
150.10,150.16
150.16,150.19
150.19,150.3
150.3,150.1
150.1,150.17
150.17,150.20
150.20,150.4
150.4,150.11
150.11,150.13
150.13,150.18
150.18,150.2
150.2,150.22
150.22,150.5
150.5,150.7
150.7,150.9
151.10,151.15
151.15,151.17
151.17,151.19
151.19,151.2
151.2,151.8
151.8,151.7
151.7,151.4
151.4,151.14
151.14,151.5
151.5,151.12
151.12,151.1
151.1,151.13
151.13,151.16
151.16,151.18
151.18,151.3
151.3,151.9
151.9,151.11
151.11,151.6
152.12,152.6
152.6,152.1
152.1,152.2
152.2,152.8
152.8,152.9
152.9,152.10
152.10,152.11
152.11,152.3
152.3,152.4
152.4,152.5
152.5,152.7
153.1,153.5
153.5,153.10
153.10,153.2
153.2,153.3
153.3,153.4
153.4,153.7
153.7,153.8
153.8,153.9
153.9,153.11
153.11,153.6
154.9,154.1
154.1,154.10
154.10,154.2
154.2,154.5
154.5,154.6
154.6,154.8
154.8,154.3
154.3,154.4
154.4,154.7
155.1,155.3
155.3,155.10
155.10,155.4
155.4,155.5
155.5,155.6
155.6,155.7
155.7,155.8
155.8,155.9
155.9,155.2
156.1,156.10
156.10,156.13
156.13,156.18
156.18,156.3
156.3,156.6
156.6,156.16
156.16,156.17
156.17,156.5
156.5,156.9
156.9,156.12
156.12,156.14
156.14,156.15
156.15,156.4
156.4,156.7
156.7,156.8
156.8,156.11
156.11,156.2
157.2,157.5
157.5,157.1
157.1,157.4
157.4,157.3
158.1,158.13
158.13,158.15
158.15,158.4
158.4,158.5
158.5,158.9
158.9,158.11
158.11,158.16
158.16,158.2
158.2,158.6
158.6,158.14
158.14,158.8
158.8,158.10
158.10,158.12
158.12,158.3
158.3,158.7
159.2,159.1
159.1,159.3
160.1,160.10
160.10,160.11
160.11,160.3
160.3,160.4
160.4,160.6
160.6,160.7
160.7,160.9
160.9,160.8
160.8,160.2
160.2,160.12
160.12,160.5
161.3,161.4
161.4,161.5
161.5,161.8
161.8,161.1
161.1,161.6
161.6,161.2
161.2,161.7
161.7,161.9
162.1,162.3
162.3,162.4
162.4,162.7
162.7,162.9
162.9,162.2
162.2,162.5
162.5,162.8
162.8,162.6
163.2,163.3
163.3,163.4
163.4,163.5
163.5,163.6
163.6,163.8
163.8,163.7
163.7,163.1
164.1,164.13
164.13,164.5
164.5,164.9
164.9,164.11
164.11,164.12
164.12,164.2
164.2,164.3
164.3,164.10
164.10,164.6
164.6,164.7
164.4,164.8
165.2,165.1
165.1,165.7
165.7,165.6
165.3,165.4
165.4,165.5
166.3,166.7
166.7,166.1
166.1,166.10
166.10,166.11
166.11,166.2
166.2,166.4
166.4,166.6
166.6,166.5
166.5,166.8
166.8,166.9
167.4,167.12
167.12,167.14
167.14,167.10
167.10,167.11
167.11,167.18
167.18,167.19
167.19,167.21
167.21,167.9
167.9,167.1
167.1,167.13
167.13,167.17
167.17,167.6
167.6,167.15
167.15,167.16
167.16,167.2
167.2,167.20
167.20,167.7
167.7,167.8
167.8,167.3
167.3,167.5
168.3,168.4
168.4,168.5
168.5,168.2
168.2,168.1
169.1,169.2
169.2,169.5
169.5,169.8
169.8,169.6
169.6,169.4
169.4,169.7
169.7,169.3
170.11,170.2
170.2,170.4
170.4,170.5
170.5,170.7
170.7,170.8
170.8,170.10
170.10,170.1
170.1,170.6
170.6,170.3
170.3,170.9
171.1,171.2
171.2,171.4
171.4,171.5
171.5,171.6
171.6,171.7
171.7,171.3
171.3,171.8
172.1,172.15
172.15,172.17
172.17,172.4
172.4,172.10
172.10,172.14
172.14,172.18
172.18,172.3
172.3,172.12
172.12,172.13
172.13,172.19
172.19,172.5
172.5,172.8
172.8,172.9
172.9,172.16
172.16,172.20
172.20,172.6
172.6,172.7
172.11,172.2
173.9,173.10
173.10,173.4
173.4,173.6
173.6,173.1
173.1,173.2
173.2,173.3
173.3,173.5
173.5,173.7
173.7,173.8
174.12,174.4
174.4,174.8
174.8,174.11
174.11,174.5
174.5,174.9
174.9,174.10
174.10,174.1
174.1,174.3
174.3,174.6
174.6,174.7
175.1,175.9
175.9,175.8
175.8,175.3
175.3,175.10
175.10,175.11
175.11,175.2
175.2,175.4
175.4,175.5
175.5,175.7
175.7,175.6
176.2,176.3
176.3,176.4
176.4,176.1
176.1,176.5
176.5,176.6
177.8,177.1
177.1,177.3
177.3,177.7
177.7,177.9
177.9,177.5
177.5,177.6
177.6,177.2
177.2,177.10
177.10,177.4
178.6,178.1
178.1,178.2
178.2,178.3
178.3,178.4
178.4,178.5
179.9,179.1
179.1,179.2
179.2,179.3
179.3,179.5
179.5,179.6
179.6,179.8
179.8,179.4
179.4,179.7
180.13,180.15
180.15,180.5
180.5,180.6
180.6,180.7
180.7,180.9
180.9,180.4
180.4,180.1
180.1,180.11
180.11,180.10
180.10,180.12
180.12,180.14
180.14,180.2
180.2,180.3
180.3,180.8
181.1,181.2
182.2,182.4
182.4,182.5
182.5,182.8
182.8,182.1
182.1,182.7
182.3,182.6
183.2,183.5
183.5,183.3
183.3,183.6
183.6,183.4
183.4,183.8
183.8,183.1
183.1,183.7
184.25,184.29
184.29,184.3
184.3,184.6
184.6,184.22
184.22,184.17
184.17,184.26
184.26,184.16
184.16,184.13
184.13,184.14
184.14,184.18
184.18,184.24
184.24,184.34
184.34,184.5
184.5,184.21
184.21,184.10
184.10,184.11
184.11,184.28
184.28,184.33
184.33,184.19
184.19,184.23
184.23,184.32
184.32,184.4
184.4,184.7
184.7,184.9
184.9,184.12
184.12,184.1
184.1,184.27
184.27,184.15
184.15,184.2
184.2,184.20
184.20,184.30
184.30,184.31
184.31,184.8
185.8,185.12
185.12,185.5
185.5,185.6
185.6,185.9
185.9,185.3
185.3,185.10
185.10,185.4
185.4,185.1
185.1,185.11
185.11,185.2
185.2,185.7
186.1,186.2
187.2,187.3
187.3,187.5
187.5,187.6
187.6,187.1
187.1,187.4
188.2,188.3
188.3,188.6
188.6,188.7
188.7,188.1
188.1,188.10
188.10,188.4
188.4,188.5
188.5,188.8
188.8,188.9
189.3,189.6
189.6,189.1
189.1,189.7
189.7,189.4
189.4,189.8
189.9,189.2
189.2,189.5
190.4,190.1
190.1,190.2
190.2,190.3
190.3,190.5
191.7,191.12
191.12,191.6
191.6,191.5
191.5,191.11
191.11,191.4
191.4,191.8
191.8,191.1
191.1,191.10
191.10,191.13
191.13,191.2
191.2,191.3
191.3,191.9
192.2,192.13
192.13,192.1
192.1,192.10
192.10,192.11
192.11,192.4
192.4,192.8
192.8,192.9
192.9,192.5
192.5,192.6
192.6,192.12
192.12,192.14
192.14,192.3
192.3,192.7
193.1,193.2
193.2,193.3
193.3,193.6
193.6,193.8
193.8,193.9
193.9,193.4
193.4,193.7
193.7,193.5
194.10,194.2
194.2,194.3
194.3,194.4
194.4,194.7
194.7,194.9
194.9,194.6
194.6,194.1
194.1,194.8
194.8,194.5
195.5,195.6
195.6,195.1
195.1,195.3
195.3,195.7
195.7,195.2
195.2,195.4
195.4,195.9
195.9,195.8
196.14,196.2
196.2,196.1
196.1,196.4
196.4,196.10
196.10,196.12
196.12,196.13
196.13,196.3
196.3,196.6
196.6,196.8
196.8,196.11
196.11,196.5
196.5,196.7
196.7,196.9
197.1,197.10
197.10,197.13
197.13,197.17
197.17,197.24
197.24,197.4
197.4,197.21
197.21,197.25
197.25,197.8
197.8,197.9
197.9,197.22
197.22,197.7
197.7,197.11
197.11,197.15
197.15,197.20
197.2,197.23
197.16,197.18
197.18,197.5
197.5,197.6
197.6,197.12
197.12,197.14
197.14,197.19
197.19,197.3
198.1,198.2
198.2,198.5
198.5,198.7
198.7,198.3
198.3,198.4
198.4,198.6
198.6,198.8
199.1,199.2
199.2,199.3
199.3,199.4
200.13,200.7
200.7,200.14
200.14,200.6
200.6,200.2
200.2,200.8
200.8,200.1
200.1,200.10
200.10,200.11
200.11,200.4
200.4,200.5
200.5,200.9
200.12,200.3
201.2,201.5
201.5,201.6
201.6,201.7
201.7,201.4
201.4,201.8
201.8,201.1
201.1,201.3
202.12,202.14
202.14,202.5
202.5,202.7
202.7,202.1
202.1,202.10
202.10,202.15
202.15,202.6
202.6,202.8
202.8,202.11
202.11,202.13
202.13,202.2
202.2,202.3
202.3,202.4
202.4,202.9
203.7,203.2
203.2,203.1
203.1,203.5
203.5,203.4
203.4,203.6
203.6,203.3
204.1,204.2
204.2,204.3
204.3,204.4
205.1,205.11
205.11,205.13
205.13,205.15
205.15,205.17
205.17,205.3
205.3,205.14
205.14,205.10
205.10,205.21
205.21,205.22
205.22,205.8
205.8,205.19
205.19,205.20
205.20,205.4
205.4,205.5
205.5,205.7
205.12,205.2
205.18,205.6
205.16,205.9
206.11,206.13
206.13,206.3
206.3,206.6
206.6,206.2
206.2,206.1
206.1,206.14
206.14,206.4
206.4,206.7
206.7,206.8
206.8,206.9
206.9,206.12
206.12,206.15
206.15,206.10
206.10,206.5
206.5,206.16
206.16,206.17
207.3,207.2
207.2,207.1
208.9,208.5
208.5,208.4
208.4,208.1
208.1,208.10
208.10,208.2
208.2,208.3
208.3,208.6
208.6,208.7
208.7,208.8
209.4,209.11
209.11,209.1
209.1,209.2
209.2,209.5
209.5,209.6
209.6,209.7
209.7,209.8
209.8,209.10
209.10,209.3
209.3,209.9
210.7,210.3
210.3,210.4
210.4,210.8
210.8,210.2
210.2,210.5
210.5,210.6
210.6,210.1
211.2,211.3
211.3,211.1
212.17,212.18
212.18,212.2
212.2,212.20
212.20,212.3
212.3,212.9
212.9,212.19
212.19,212.10
212.10,212.11
212.11,212.4
212.4,212.6
212.6,212.13
212.13,212.7
212.7,212.14
212.14,212.1
212.1,212.12
212.12,212.15
212.15,212.16
212.16,212.5
212.5,212.8
213.20,213.25
213.25,213.27
213.27,213.3
213.3,213.5
213.5,213.6
213.6,213.2
213.2,213.18
213.18,213.11
213.11,213.12
213.12,213.13
213.13,213.16
213.16,213.21
213.21,213.24
213.24,213.23
213.23,213.1
213.1,213.22
213.22,213.28
213.28,213.14
213.14,213.17
213.17,213.29
213.29,213.8
213.8,213.10
213.10,213.15
213.15,213.19
213.19,213.26
213.26,213.7
213.7,213.9
213.9,213.4
214.1,214.2
214.2,214.6
214.6,214.9
214.9,214.7
214.7,214.8
214.8,214.4
214.4,214.3
214.3,214.10
214.10,214.5
215.11,215.2
215.2,215.5
215.5,215.9
215.9,215.1
215.1,215.12
215.12,215.13
215.13,215.3
215.3,215.6
215.6,215.7
215.7,215.10
215.10,215.14
215.14,215.4
215.4,215.8
216.1,216.10
216.10,216.2
216.2,216.4
216.4,216.8
216.8,216.9
216.9,216.6
216.6,216.5
216.5,216.3
216.3,216.7
217.5,217.1
217.1,217.3
217.3,217.8
217.8,217.2
217.2,217.4
217.4,217.6
217.6,217.9
217.9,217.7
218.10,218.1
218.1,218.13
218.13,218.14
218.14,218.16
218.16,218.3
218.3,218.7
218.7,218.17
218.17,218.2
218.2,218.6
218.6,218.11
218.11,218.12
218.12,218.18
218.18,218.9
218.9,218.8
218.8,218.4
218.4,218.15
218.15,218.5
219.2,219.1
219.1,219.3
219.3,219.4
219.4,219.6
219.6,219.7
219.7,219.8
219.8,219.5
220.13,220.5
220.5,220.17
220.17,220.10
220.10,220.6
220.6,220.7
220.7,220.9
220.9,220.1
220.1,220.12
220.12,220.11
220.16,220.14
220.14,220.18
220.18,220.2
220.2,220.3
220.3,220.4
220.4,220.8
221.1,221.18
221.18,221.19
221.19,221.22
221.22,221.12
221.12,221.16
221.16,221.17
221.17,221.2
221.2,221.3
221.3,221.4
221.4,221.10
221.10,221.11
221.11,221.13
221.13,221.14
221.14,221.5
221.5,221.6
221.6,221.8
221.8,221.15
221.15,221.9
221.9,221.20
221.20,221.7
221.7,221.21
222.2,222.4
222.4,222.10
222.10,222.3
222.3,222.5
222.5,222.8
222.8,222.7
222.7,222.6
222.6,222.9
222.9,222.1
223.9,223.1
223.1,223.4
223.4,223.7
223.7,223.5
223.5,223.2
223.2,223.3
223.3,223.6
223.6,223.8
224.1,224.11
224.11,224.15
224.15,224.24
224.24,224.25
224.25,224.5
224.5,224.10
224.10,224.14
224.14,224.18
224.18,224.7
224.7,224.12
224.12,224.22
224.22,224.23
224.23,224.3
224.3,224.4
224.4,224.9
224.9,224.16
224.16,224.26
224.26,224.6
224.6,224.8
224.8,224.17
224.17,224.21
224.21,224.19
224.19,224.20
224.20,224.13
224.13,224.2
225.10,225.6
225.6,225.11
225.11,225.13
225.13,225.2
225.2,225.3
225.3,225.4
225.4,225.9
225.9,225.1
225.1,225.12
225.12,225.14
225.14,225.5
225.5,225.7
225.7,225.8
226.2,226.10
226.10,226.11
226.11,226.12
226.12,226.3
226.3,226.4
226.4,226.6
226.6,226.1
226.1,226.13
226.13,226.5
226.5,226.7
226.7,226.8
226.8,226.9
227.1,227.10
227.10,227.2
227.2,227.9
227.9,227.12
227.12,227.6
227.6,227.7
227.7,227.11
227.11,227.13
227.13,227.3
227.3,227.4
227.4,227.5
227.5,227.8
228.5,228.1
228.1,228.3
228.3,228.4
228.4,228.6
228.6,228.7
228.7,228.2
229.1,229.4
229.4,229.3
229.3,229.5
229.5,229.2
229.2,229.9
229.9,229.6
229.6,229.8
229.8,229.7
230.4,230.3
230.3,230.1
230.1,230.2
230.2,230.6
230.6,230.5
231.1,231.3
231.3,231.4
231.4,231.5
231.5,231.6
231.6,231.7
231.7,231.8
231.8,231.2
232.1,232.2
232.2,232.3
232.3,232.5
232.5,232.6
232.6,232.7
232.7,232.4
233.2,233.3
233.3,233.6
233.6,233.5
233.5,233.4
233.4,233.1
234.3,234.2
234.2,234.1
235.12,235.13
235.13,235.5
235.5,235.6
235.6,235.7
235.7,235.8
235.8,235.9
235.9,235.3
235.3,235.1
235.1,235.10
235.10,235.11
235.11,235.14
235.14,235.2
235.2,235.4
236.8,236.1
236.1,236.10
236.10,236.3
236.3,236.4
236.4,236.5
236.5,236.6
236.6,236.7
236.7,236.9
236.9,236.2
237.1,237.10
237.10,237.3
237.3,237.4
237.4,237.6
237.6,237.7
237.9,237.5
237.5,237.2
237.2,237.8
238.1,238.2
239.11,239.2
239.2,239.4
239.4,239.6
239.6,239.10
239.10,239.3
239.3,239.5
239.5,239.7
239.7,239.1
239.1,239.8
239.8,239.9
240.8,240.3
240.3,240.5
240.5,240.1
240.1,240.2
240.2,240.4
240.4,240.6
240.6,240.7
240.7,240.9
241.2,241.1
241.1,241.8
241.8,241.9
241.9,241.10
241.10,241.3
241.3,241.4
241.4,241.5
241.5,241.6
241.6,241.7
242.2,242.3
242.3,242.1
243.10,243.13
243.13,243.15
243.15,243.2
243.2,243.4
243.4,243.8
243.8,243.1
243.1,243.11
243.11,243.12
243.12,243.14
243.14,243.3
243.3,243.5
243.5,243.7
243.7,243.6
243.6,243.9
244.4,244.1
244.1,244.11
244.11,244.10
244.10,244.15
244.15,244.16
244.16,244.2
244.2,244.5
244.5,244.8
244.8,244.14
244.14,244.12
244.12,244.13
244.13,244.3
244.3,244.6
244.6,244.7
244.7,244.9
245.8,245.2
245.2,245.6
245.6,245.1
245.1,245.4
245.4,245.9
245.9,245.3
245.3,245.5
245.5,245.7
245.7,245.10
246.8,246.4
246.4,246.3
246.3,246.6
246.6,246.10
246.10,246.5
246.5,246.1
246.1,246.2
246.2,246.7
246.7,246.9
247.10,247.2
247.2,247.5
247.5,247.1
247.1,247.3
247.3,247.6
247.6,247.8
247.8,247.4
247.4,247.9
247.9,247.7
248.3,248.4
248.4,248.6
248.6,248.9
248.9,248.1
248.1,248.11
248.11,248.12
248.12,248.5
248.5,248.8
248.8,248.7
248.7,248.10
248.10,248.2
249.3,249.6
249.6,249.1
249.5,249.7
249.7,249.4
249.4,249.2
250.14,250.3
250.3,250.1
250.1,250.13
250.13,250.16
250.16,250.20
250.20,250.6
250.6,250.9
250.9,250.10
250.10,250.15
250.15,250.18
250.18,250.19
250.19,250.4
250.4,250.7
250.7,250.11
250.11,250.12
250.12,250.17
250.17,250.2
250.2,250.5
250.5,250.8
251.3,251.5
251.5,251.4
251.4,251.2
251.2,251.1
252.11,252.10
252.10,252.17
252.17,252.18
252.18,252.4
252.4,252.8
252.8,252.9
252.9,252.13
252.13,252.14
252.14,252.15
252.15,252.3
252.3,252.5
252.5,252.7
252.7,252.19
252.19,252.6
252.6,252.16
252.16,252.1
252.1,252.12
252.12,252.2
252.2,252.20
253.3,253.6
253.6,253.4
253.4,253.1
253.1,253.2
253.2,253.5
253.5,253.7
254.4,254.5
254.5,254.6
254.6,254.7
254.7,254.8
254.8,254.9
254.9,254.10
254.10,254.3
254.3,254.1
254.1,254.11
254.11,254.2
255.2,255.3
255.3,255.6
255.6,255.8
255.8,255.9
255.9,255.5
255.5,255.1
255.1,255.4
255.4,255.7
256.8,256.10
256.10,256.3
256.3,256.4
256.4,256.6
256.6,256.7
256.7,256.1
256.1,256.5
256.5,256.2
256.2,256.9
257.1,257.10
257.10,257.11
257.11,257.3
257.3,257.2
257.2,257.5
257.5,257.7
257.7,257.8
257.4,257.6
257.6,257.9
258.2,258.8
258.8,258.1
258.1,258.11
258.11,258.12
258.12,258.3
258.3,258.4
258.4,258.7
258.7,258.9
258.9,258.5
258.5,258.10
258.10,258.6
259.10,259.12
259.12,259.15
259.15,259.3
259.3,259.5
259.5,259.7
259.7,259.11
259.11,259.14
259.14,259.16
259.16,259.4
259.4,259.6
259.6,259.9
259.9,259.8
259.8,259.1
259.1,259.13
259.13,259.17
259.17,259.2
260.1,260.2
260.2,260.3
261.1,261.4
261.4,261.5
261.5,261.6
261.6,261.7
261.7,261.8
261.8,261.9
261.9,261.2
261.2,261.3
262.2,262.7
262.7,262.3
262.3,262.1
262.1,262.5
262.5,262.4
262.4,262.6
263.11,263.2
263.2,263.5
263.5,263.6
263.6,263.8
263.8,263.9
263.9,263.1
263.1,263.10
263.10,263.12
263.12,263.3
263.3,263.4
263.4,263.7
264.3,264.4
264.4,264.5
264.5,264.8
264.8,264.1
264.1,264.9
264.9,264.7
264.2,264.6
265.1,265.6
265.6,265.2
265.2,265.3
265.3,265.5
265.5,265.7
265.7,265.4
265.4,265.8
266.1,266.3
266.3,266.2
267.1,267.4
267.4,267.5
267.5,267.7
267.7,267.8
267.8,267.9
267.9,267.3
267.3,267.2
267.2,267.6
268.10,268.4
268.4,268.9
268.9,268.8
268.8,268.2
268.2,268.1
268.1,268.11
268.11,268.3
268.3,268.5
268.5,268.6
268.6,268.7
269.5,269.3
269.3,269.1
269.1,269.2
269.2,269.6
269.6,269.8
269.8,269.11
269.11,269.7
269.7,269.10
269.4,269.9
270.1,270.10
270.10,270.11
270.11,270.2
270.2,270.5
270.5,270.9
270.9,270.12
270.12,270.3
270.3,270.4
270.4,270.6
270.6,270.7
270.7,270.8
271.3,271.9
271.9,271.10
271.10,271.11
271.11,271.13
271.13,271.4
271.4,271.7
271.7,271.8
271.8,271.12
271.12,271.14
271.14,271.15
271.15,271.2
271.2,271.5
271.5,271.6
271.6,271.1
272.2,272.4
272.4,272.1
272.1,272.3
273.12,273.2
273.2,273.19
273.19,273.6
273.6,273.1
273.1,273.14
273.14,273.16
273.16,273.18
273.18,273.3
273.3,273.4
273.4,273.10
273.10,273.15
273.15,273.17
273.17,273.20
273.20,273.5
273.5,273.7
273.7,273.11
273.11,273.13
273.13,273.8
273.8,273.9
274.11,274.3
274.3,274.1
274.1,274.13
274.13,274.4
274.4,274.6
274.6,274.8
274.8,274.9
274.9,274.7
274.7,274.12
274.12,274.14
274.14,274.2
274.2,274.5
274.5,274.10
275.3,275.1
275.1,275.2
275.2,275.7
275.7,275.9
275.9,275.8
275.8,275.4
275.4,275.6
275.6,275.5
276.6,276.1
276.1,276.3
276.3,276.5
276.5,276.7
276.7,276.8
276.8,276.9
276.9,276.11
276.11,276.4
276.4,276.10
276.10,276.2
277.1,277.2
277.2,277.4
277.4,277.3
278.12,278.3
278.3,278.10
278.10,278.1
278.1,278.11
278.11,278.4
278.4,278.7
278.7,278.8
278.8,278.9
278.9,278.2
278.2,278.5
278.5,278.6
279.3,279.6
279.6,279.1
279.1,279.5
280.6,280.3
280.3,280.8
280.8,279.2
279.2,279.4
279.4,280.1
280.1,280.10
280.10,280.2
280.2,280.4
280.4,280.7
280.7,280.9
280.9,280.5
281.1,281.4
281.2,281.3
282.2,282.1
283.1,283.2
284.1,284.3
284.3,284.2
284.2,284.4
285.2,285.4
285.4,285.3
285.3,285.1
286.1,286.2
286.2,286.3
286.3,286.8
286.8,286.6
286.6,286.5
286.5,286.7
286.7,286.4
287.1,287.2
287.2,287.3
287.3,287.6
287.6,287.7
287.7,287.5
287.5,287.4
288.10,288.11
288.11,288.13
288.13,288.2
288.2,288.5
288.5,288.7
288.7,288.14
288.14,288.12
288.12,288.3
288.3,288.9
288.9,288.1
288.1,288.15
288.15,288.16
288.16,288.4
288.4,288.6
288.6,288.8
289.9,289.10
289.10,289.13
289.13,289.14
289.14,289.5
289.5,289.6
289.6,289.7
289.7,289.11
289.11,289.12
289.12,289.2
289.2,289.3
289.3,289.4
289.4,289.8
289.8,289.1
290.14,290.15
290.15,290.5
290.5,290.8
290.8,290.10
290.10,290.11
290.11,290.1
290.1,290.16
290.16,290.3
290.3,290.12
290.12,290.13
290.13,290.2
290.2,290.4
290.4,290.7
290.7,290.9
290.9,290.6
291.1,291.10
291.10,291.3
291.3,291.5
291.5,291.7
291.7,291.8
291.8,291.4
291.4,291.9
291.9,291.11
291.11,291.2
291.2,291.6
292.3,292.12
292.12,292.13
292.13,292.2
292.2,292.6
292.6,292.8
292.8,292.15
292.15,292.7
292.7,292.1
292.1,292.11
292.11,292.14
292.14,292.4
292.4,292.5
292.5,292.9
292.9,292.10
293.6,293.9
293.9,293.3
293.3,293.8
293.8,293.7
293.7,293.1
293.1,293.2
293.2,293.4
293.4,293.5
294.16,294.12
294.12,294.15
294.15,294.17
294.17,294.2
294.2,294.5
294.5,294.6
294.6,294.3
294.3,294.13
294.13,294.1
294.1,294.7
294.7,294.10
294.10,294.11
294.11,294.14
294.14,294.4
294.4,294.8
294.8,294.9
295.5,295.1
295.1,295.2
295.2,295.6
295.6,295.9
295.9,295.4
295.4,295.3
295.3,295.7
295.7,295.8
296.3,296.5
296.5,296.2
296.2,296.6
296.6,296.4
296.4,296.1
297.3,297.1
297.1,297.2
297.2,297.4
297.4,297.5
297.5,297.6
298.5,298.9
298.9,298.12
298.12,298.3
298.3,298.4
298.4,298.7
298.7,298.2
298.2,298.8
298.8,298.10
298.10,298.11
298.11,298.1
298.1,298.6
299.1,299.2
299.2,299.5
299.5,299.6
299.6,299.3
299.3,299.4
300.2,300.4
300.4,300.1
300.1,300.3
300.3,300.5
300.5,300.6
301.4,301.14
301.14,301.17
301.17,301.2
301.2,301.20
301.20,301.3
301.3,301.5
301.5,301.10
301.10,301.16
301.16,301.18
301.18,301.22
301.22,301.8
301.8,301.9
301.9,301.12
301.12,301.21
301.21,301.6
301.6,301.7
301.7,301.13
301.13,301.11
301.11,301.15
301.15,301.1
301.1,301.19
302.1,302.10
302.10,302.2
302.2,302.7
302.7,302.6
302.6,302.9
302.9,302.5
302.5,302.4
302.4,302.3
302.3,302.8
303.1,303.2
304.1,304.4
304.4,304.2
304.2,304.3
304.3,304.7
304.7,304.8
304.8,304.10
304.10,304.6
304.6,304.5
304.5,304.9
305.7,305.10
305.10,305.15
305.15,305.16
305.16,305.3
305.3,305.8
305.8,305.11
305.11,305.12
305.12,305.5
305.5,305.6
305.6,305.1
305.1,305.13
305.13,305.14
305.14,305.2
305.2,305.4
305.4,305.9
306.7,306.1
306.1,306.2
306.2,306.4
306.4,306.5
306.5,306.8
306.8,306.9
306.9,306.6
306.6,306.3
307.10,307.12
307.12,307.4
307.4,307.6
307.6,307.11
307.11,307.13
307.13,307.2
307.2,307.3
307.3,307.5
307.5,307.8
307.8,307.7
307.7,307.9
307.9,307.1
307.1,307.14
308.4,308.2
308.2,308.3
308.3,308.5
308.5,308.1
308.1,308.6
309.1,309.2
309.2,309.4
309.4,309.5
309.5,309.6
309.6,309.9
309.9,309.8
309.8,309.7
309.7,309.3
310.10,310.11
310.11,310.13
310.13,310.2
310.2,310.8
310.8,310.9
310.9,310.15
310.15,310.6
310.6,310.1
310.1,310.12
310.12,310.14
310.14,310.4
310.4,310.7
310.7,310.3
310.3,310.5
311.4,311.5
311.5,311.9
311.9,311.1
311.1,311.2
311.2,311.3
311.3,311.6
311.6,311.7
311.7,311.8
312.5,312.8
312.8,312.1
312.1,312.6
312.6,312.4
312.4,312.2
312.2,312.3
312.3,312.7
312.7,312.9
313.1,313.2
313.2,313.6
313.6,313.8
313.8,313.5
313.5,313.4
313.4,313.3
313.3,313.7
314.1,314.4
314.4,314.6
314.6,314.8
314.8,314.2
314.2,314.3
314.3,314.5
314.5,314.9
314.9,314.7
315.1,315.10
315.10,315.3
315.3,315.9
315.9,315.2
315.2,315.4
315.4,315.5
315.5,315.6
315.6,315.7
315.7,315.8
316.1,316.2
316.2,316.3
316.3,316.4
316.4,316.5
316.5,316.6
317.7,317.3
317.3,317.4
317.4,317.5
317.5,317.6
317.6,317.9
317.9,317.8
317.8,317.1
317.1,317.10
317.10,317.11
317.11,317.2
318.8,318.2
318.2,318.3
318.3,318.4
318.4,318.5
318.5,318.7
318.7,318.9
318.9,318.6
318.6,318.1
319.2,319.1
320.2,320.1
320.1,320.4
320.4,320.3
320.3,320.5
321.2,321.1
322.7,322.1
322.1,322.2
322.2,322.9
322.9,322.4
322.4,322.5
322.5,322.6
322.6,322.8
322.8,322.3
323.10,323.3
323.3,323.4
323.4,323.8
323.8,323.5
323.5,323.11
323.11,323.1
323.1,323.7
323.7,323.9
323.2,323.6
323.6,324.1
324.1,324.3
324.3,324.5
324.5,324.8
324.8,324.2
324.2,324.4
324.4,324.6
324.6,324.7
325.2,325.4
325.4,325.3
325.3,325.1
326.9,326.3
326.3,326.7
326.7,326.10
326.10,326.11
326.11,326.2
326.2,326.4
326.4,326.5
326.5,326.8
326.8,326.6
326.6,326.1
327.1,327.14
327.14,327.20
327.20,327.4
327.4,327.16
327.16,327.2
327.15,327.8
327.8,327.18
327.18,327.5
327.5,327.12
327.12,327.21
327.21,327.3
327.3,327.9
327.9,327.11
327.11,327.17
327.17,327.6
327.6,327.7
327.7,327.10
327.10,327.19
327.19,327.13
328.12,328.6
328.6,328.3
328.3,328.11
328.11,328.4
328.4,328.8
328.8,328.9
328.9,328.5
328.5,328.7
328.7,328.1
328.1,328.10
328.10,328.13
328.13,328.2
329.1,329.2
329.2,329.3
329.3,329.4
329.4,329.5
329.5,329.6
330.1,330.2
330.2,330.3
330.3,330.4
330.4,330.5
330.5,330.6
330.6,330.7
331.12,331.15
331.15,331.2
331.2,331.5
331.5,331.6
331.6,331.9
331.9,331.13
331.13,331.14
331.14,331.4
331.4,331.1
331.1,331.10
331.10,331.11
331.11,331.3
331.3,331.7
331.7,331.8
332.2,332.6
332.6,332.7
332.7,332.1
332.1,332.4
332.4,332.3
332.3,332.5
333.1,333.3
333.2,333.4
334.6,334.1
334.1,334.7
334.7,334.3
334.3,334.4
334.4,334.5
334.5,334.2
335.4,335.1
335.1,335.2
335.2,335.3
335.3,335.5
335.5,335.6
335.6,335.7
336.1,336.2
336.2,336.4
336.4,336.10
336.10,336.3
336.3,336.5
336.5,336.6
336.6,336.7
336.7,336.8
336.8,336.9
336.9,336.11
337.10,337.14
337.14,337.2
337.2,337.6
337.6,337.7
337.7,337.9
337.9,337.12
337.12,337.1
337.1,337.15
337.15,337.8
337.8,337.11
337.11,337.13
337.13,337.16
337.16,337.3
337.3,337.4
337.4,337.5
338.2,338.3
338.3,338.5
338.5,338.7
338.7,338.9
338.9,338.1
338.1,338.6
338.6,338.8
338.8,338.4
339.2,339.4
339.4,339.1
339.1,339.3
340.1,340.3
340.3,340.6
340.6,340.7
340.7,340.5
340.5,340.10
340.10,340.8
340.8,340.4
340.4,340.9
340.9,340.11
340.11,340.2
341.10,341.3
341.3,341.4
341.4,341.8
341.8,341.9
341.9,341.11
341.11,341.1
341.1,341.12
341.12,341.2
341.2,341.5
341.5,341.6
341.6,341.7
342.1,342.12
342.16,342.17
342.17,342.5
342.5,342.6
342.6,342.11
342.11,342.15
342.15,342.2
342.2,342.4
342.4,342.7
342.7,342.9
342.9,342.10
342.10,342.14
342.14,342.8
342.13,342.3
342.3,343.6
343.6,343.1
343.1,343.4
343.4,343.5
343.5,343.2
343.2,343.3
344.4,344.2
344.2,344.1
344.1,344.3
345.12,345.1
345.1,345.10
345.10,345.13
345.13,345.14
345.14,345.3
345.3,345.4
345.4,345.2
345.2,345.11
345.11,345.5
345.5,345.6
345.6,345.7
345.7,345.8
345.8,345.9
346.12,346.4
346.4,346.6
346.6,346.9
346.9,346.5
346.5,346.8
346.8,346.10
346.10,346.1
346.1,346.3
346.3,346.2
346.2,346.11
346.11,346.7
347.1,347.4
347.4,347.5
347.5,347.6
347.6,347.2
347.2,347.7
347.7,347.3
348.1,348.2
348.2,348.3
348.3,348.4
348.4,348.6
348.6,348.7
348.7,348.5
349.10,349.11
349.11,349.15
349.15,349.3
349.3,349.4
349.4,349.8
349.8,349.12
349.12,349.13
349.13,349.2
349.2,349.6
349.6,349.5
349.5,349.1
349.1,349.14
349.14,349.16
349.16,349.17
349.17,349.7
349.7,349.9
350.2,350.3
350.3,350.5
350.5,350.1
350.1,350.4
351.10,351.14
351.14,351.2
351.2,351.8
351.8,351.16
351.16,351.4
351.4,351.1
351.1,351.11
351.11,351.12
351.12,351.13
351.13,351.5
351.5,351.6
351.6,351.15
351.15,351.3
351.3,351.7
351.7,351.9
353.1,353.10
353.10,353.4
353.4,353.12
353.12,353.14
353.14,353.2
353.2,353.3
353.3,353.5
353.5,353.8
353.8,353.13
353.13,353.6
353.6,353.7
353.7,353.9
353.9,353.11
354.1,354.11
354.11,354.2
354.2,354.7
354.7,354.8
354.8,354.12
354.12,354.10
354.10,354.13
354.13,354.3
354.3,354.4
354.4,354.6
354.6,354.9
354.9,354.5
355.2,355.1
356.2,356.5
356.5,356.1
356.1,356.4
356.4,356.3
357.2,357.4
357.4,357.7
357.7,357.8
357.8,357.1
357.1,357.3
357.3,357.5
357.5,357.6
358.3,358.5
358.5,358.4
358.4,358.1
358.1,358.6
358.6,358.2
358.2,358.7
359.6,359.8
359.8,359.3
359.3,359.4
359.4,359.5
359.5,359.7
359.7,359.1
359.1,359.9
359.9,359.2
360.2,360.9
360.9,360.14
360.14,360.16
360.16,360.3
360.3,360.7
360.7,360.5
360.5,360.1
360.1,360.12
360.12,360.13
360.13,360.4
360.4,360.11
360.11,360.10
360.10,360.15
360.15,360.6
360.6,360.8
361.6,361.2
361.2,361.3
361.3,361.11
361.11,361.12
361.12,361.17
361.17,361.19
361.19,361.7
361.7,361.9
361.9,361.1
361.1,361.14
361.14,361.18
361.18,361.20
361.20,361.4
361.4,361.5
361.5,361.10
361.10,361.13
361.13,361.15
361.15,361.8
361.8,361.16
362.5,362.1
362.1,362.6
362.6,362.2
362.2,362.4
362.4,362.3
363.6,363.3
363.3,363.8
363.8,363.2
363.2,363.9
363.9,363.1
363.1,363.10
363.10,363.11
363.11,363.4
363.4,363.5
363.5,363.7
364.6,364.12
364.12,364.2
364.2,364.3
364.3,364.7
364.7,364.8
364.8,364.1
364.1,364.10
364.10,364.13
364.13,364.11
364.11,364.4
364.4,364.5
364.5,364.9
365.1,365.19
365.19,365.11
365.11,365.12
365.12,365.4
365.4,365.7
365.7,365.10
365.10,365.13
365.13,365.16
365.16,365.6
365.6,365.8
365.8,365.9
365.9,365.17
365.17,365.14
365.14,365.15
365.15,365.18
365.18,365.2
365.2,365.3
365.3,365.5
366.15,366.2
366.2,366.5
366.5,366.6
366.6,366.8
366.8,366.9
366.9,366.11
366.11,366.13
366.13,366.1
366.1,366.10
366.10,366.12
366.12,366.14
366.14,366.3
366.3,366.7
366.7,366.4
367.1,367.11
367.11,367.13
367.13,367.14
367.14,367.6
367.6,367.8
367.8,367.9
367.9,367.10
367.10,367.12
367.12,367.3
367.3,367.5
367.5,367.7
367.7,367.2
367.2,367.4
368.1,368.10
368.10,368.12
368.12,368.15
368.15,368.2
368.2,368.7
368.7,368.17
368.17,368.13
368.13,368.5
368.5,368.11
368.11,368.14
368.14,368.16
368.16,368.3
368.3,368.4
368.4,368.6
368.6,368.8
368.8,368.9
369.7,369.1
369.1,369.2
369.2,369.6
369.6,369.8
369.8,369.5
369.3,369.4
370.4,370.8
370.8,370.3
370.3,370.6
370.6,370.1
370.1,370.2
370.2,370.5
370.5,370.7
371.3,371.5
371.5,371.1
371.1,371.2
371.2,371.4
371.4,371.8
371.8,371.6
371.6,371.7
372.1,372.11
372.11,372.14
372.14,372.3
372.3,372.6
372.6,372.7
372.7,372.10
372.10,372.4
372.4,372.5
372.5,372.9
372.9,372.8
372.13,372.2
372.2,372.12
373.1,373.3
373.3,373.7
373.7,373.8
373.8,373.10
373.10,373.11
373.11,373.2
373.2,373.4
373.4,373.6
373.6,373.9
373.9,373.12
373.12,373.5
374.12,374.15
374.15,374.2
374.2,374.6
374.6,374.7
374.7,374.9
374.9,374.16
374.16,374.3
374.3,374.17
374.17,374.14
374.14,374.4
374.4,374.1
374.1,374.10
374.10,374.11
374.11,374.13
374.13,374.5
374.5,374.8
375.2,375.8
375.8,375.1
375.1,375.3
375.3,375.4
375.4,375.5
375.5,375.6
375.6,375.7
376.2,376.3
376.3,376.5
376.5,376.6
376.6,376.1
376.1,376.4
376.4,376.7
376.7,376.9
376.9,376.8
377.2,377.4
377.4,377.5
377.5,377.6
377.6,377.7
377.7,377.8
377.8,377.1
377.1,377.3
378.1,378.3
378.3,378.4
378.4,378.5
378.5,378.6
378.6,378.8
378.8,378.2
378.2,378.7
379.1,379.2
379.2,379.3
379.3,379.5
379.5,379.4
380.11,380.2
380.2,380.1
380.1,380.10
380.10,380.6
380.6,380.9
380.9,380.5
380.5,380.7
380.4,380.8
380.8,380.3
381.2,381.1
381.1,381.14
381.14,381.8
381.8,381.11
381.11,381.13
381.13,381.4
381.4,381.7
381.7,381.10
381.10,381.5
381.5,381.6
381.6,381.9
381.9,381.12
381.12,381.3
382.1,382.2
382.2,382.3
382.3,382.4
382.4,382.5
382.5,382.6
383.1,383.2
383.2,383.3
383.3,383.5
383.5,383.6
383.6,383.9
383.9,383.7
383.7,383.8
383.8,383.4
384.6,384.5
384.5,384.3
384.3,384.4
384.4,384.1
384.1,384.2
385.1,385.2
386.8,386.3
386.3,386.11
386.11,386.1
386.1,386.10
386.10,386.5
386.5,386.12
386.12,386.2
386.2,386.4
386.4,386.6
386.6,386.7
386.7,386.9
387.10,387.2
387.2,387.7
387.7,387.6
387.6,387.11
387.11,387.3
387.3,387.4
387.4,387.5
387.5,387.8
387.8,387.9
387.9,387.1
388.11,388.12
388.12,388.13
388.13,388.4
388.4,388.5
388.5,388.7
388.7,388.15
388.15,388.8
388.8,388.1
388.1,388.9
388.9,388.10
388.10,388.14
388.14,388.2
388.2,388.3
388.3,388.6
389.9,389.2
389.2,389.4
389.4,389.6
389.6,389.8
389.8,389.1
389.1,389.7
389.7,389.5
389.5,389.3
390.8,390.1
390.1,390.4
390.4,390.5
390.5,390.6
390.6,390.7
390.7,390.9
390.9,390.2
390.2,390.3
391.2,391.5
391.5,391.3
391.3,391.9
391.9,391.1
391.1,391.4
391.4,391.7
391.7,391.8
391.8,391.6
392.5,392.1
392.2,392.4
393.2,393.7
393.7,393.1
393.1,393.10
393.10,393.11
393.11,393.5
393.5,393.4
393.4,393.8
393.8,393.3
393.3,393.6
393.6,393.9
394.4,394.3
394.3,394.5
394.5,394.1
394.1,394.2
395.3,395.2
395.2,395.4
395.4,395.7
395.7,395.8
395.8,395.9
395.9,395.1
395.1,395.6
395.6,395.5
396.2,396.3
396.3,396.9
396.9,396.8
396.8,396.1
396.1,396.10
396.10,396.12
396.12,396.14
396.14,396.5
396.5,396.6
396.6,396.11
396.11,396.7
396.7,396.13
396.13,396.4
397.1,397.3
397.3,397.2
397.2,397.4
398.7,398.1
398.1,398.4
398.4,398.5
398.5,398.2
398.2,398.3
398.3,398.6
398.6,398.8
399.1,399.5
399.5,399.7
399.7,399.8
399.8,399.2
399.2,399.4
399.4,399.6
399.6,399.9
399.9,399.3
400.4,400.7
400.7,400.5
400.5,400.12
400.12,400.11
400.11,400.14
400.14,400.1
400.1,400.10
400.10,400.2
400.2,400.3
400.3,400.8
400.8,400.9
400.9,400.13
400.13,400.6
401.10,401.4
401.4,401.1
401.1,401.8
401.8,401.5
401.5,401.2
401.2,401.3
401.3,401.6
401.6,401.7
401.7,401.9
402.11,402.14
402.14,402.5
402.5,402.6
402.6,402.10
402.10,402.13
402.13,402.17
402.17,402.19
402.19,402.2
402.2,402.9
402.9,402.18
402.18,402.4
402.4,402.1
402.1,402.12
402.12,402.15
402.15,402.16
402.16,402.3
402.3,402.7
402.7,402.8
403.12,403.13
403.13,403.2
403.2,403.4
403.4,403.15
403.15,403.17
403.17,403.7
403.7,403.8
403.8,403.1
403.1,403.18
403.18,403.11
403.11,403.14
403.14,403.16
403.16,403.5
403.5,403.6
403.6,403.9
403.9,403.10
403.10,403.3
404.3,404.9
404.9,404.2
404.2,404.6
404.6,404.1
404.1,404.8
404.11,404.4
404.4,404.5
404.5,404.7
404.7,404.10
405.1,405.5
405.5,405.6
405.6,405.7
405.7,405.3
405.3,405.2
405.2,405.8
405.8,405.9
405.10,405.4
406.7,406.3
406.3,406.6
406.6,406.1
406.1,406.4
406.4,406.5
406.5,406.2
407.1,407.8
407.8,407.4
407.4,407.7
407.7,407.10
407.10,407.2
407.2,407.3
407.3,407.5
407.5,407.6
407.6,407.9
408.2,408.13
408.13,408.7
408.7,408.12
408.12,408.6
408.6,408.10
408.10,408.1
408.1,408.11
408.11,408.3
408.3,408.4
408.4,408.8
408.8,408.9
408.9,408.5
409.3,409.7
409.7,409.4
409.4,409.11
409.11,409.13
409.13,409.2
409.2,409.5
409.5,409.6
409.6,409.9
409.9,409.12
409.12,409.10
409.10,409.1
409.1,409.8
410.3,410.1
411.1,411.4
411.4,411.5
411.5,411.6
411.6,411.3
411.3,411.7
411.7,411.2
412.1,412.10
412.10,412.4
412.4,412.8
412.8,412.3
412.3,412.5
412.5,412.7
412.7,412.9
412.9,412.2
412.2,412.6
413.2,413.5
413.5,413.1
413.1,413.3
413.3,413.6
413.6,413.7
413.7,413.4
413.4,413.8
414.2,414.4
414.4,414.6
414.6,414.9
414.9,414.1
414.1,414.3
414.3,414.5
414.5,414.8
414.8,414.7
414.7,414.10
415.4,415.6
415.6,415.7
415.7,415.8
415.8,415.3
415.3,415.2
415.2,415.9
415.9,415.1
415.1,415.11
415.11,415.12
415.12,415.5
415.5,415.10
416.3,416.5
416.5,416.1
416.1,416.2
416.2,416.4
416.4,416.6
417.1,417.3
417.3,417.6
417.6,417.4
417.4,417.2
417.2,417.5
418.6,418.1
418.1,418.2
418.2,418.4
418.4,418.5
418.5,418.7
418.7,418.8
418.8,418.10
418.10,418.3
418.3,418.9
419.5,419.1
419.1,419.10
419.10,419.12
419.12,419.2
419.2,419.4
419.4,419.17
419.17,419.6
419.6,419.11
419.11,419.14
419.14,419.16
419.16,419.3
419.3,419.7
419.7,419.9
419.9,419.13
419.15,420.1
420.1,420.11
420.11,420.2
420.2,420.3
420.3,420.4
420.4,420.6
420.6,420.7
420.7,420.5
420.5,420.10
420.10,420.9
420.9,420.8
421.2,421.1
421.1,421.3
422.4,422.1
422.1,422.3
422.3,422.2
423.2,423.3
423.3,423.1
424.8,424.5
424.5,424.1
424.1,424.6
424.6,424.7
424.7,424.11
424.11,424.10
424.10,424.12
424.12,424.2
424.2,424.3
424.3,424.4
424.4,424.9
425.10,425.13
425.13,425.15
425.15,425.3
425.3,425.4
425.4,425.6
425.6,425.14
425.14,425.2
425.2,425.8
425.8,425.12
425.12,425.5
425.5,425.1
425.1,425.11
425.11,425.7
425.7,425.9
426.5,426.2
426.2,426.1
426.1,426.4
426.4,426.3
426.3,426.6
427.8,427.5
427.5,427.1
427.1,427.6
427.6,427.10
427.10,427.2
427.2,427.3
427.3,427.4
427.4,427.7
427.7,427.9
428.7,428.2
428.2,428.3
428.3,428.14
428.14,428.1
428.1,428.10
428.10,428.11
428.11,428.13
428.13,428.4
428.4,428.6
428.6,428.12
428.12,428.5
428.5,428.8
428.8,428.9
429.2,429.1
429.1,429.6
429.6,429.3
429.3,429.4
429.4,429.5
429.5,429.7
430.3,430.11
430.11,430.12
430.12,430.2
430.2,430.8
430.8,430.10
430.10,430.13
430.13,430.5
430.5,430.6
430.6,430.7
430.7,430.9
430.9,430.1
430.1,430.4
431.1,431.11
431.11,431.4
431.4,431.8
431.8,431.12
431.12,431.6
431.6,431.7
431.7,431.10
431.10,431.13
431.13,431.2
431.2,431.3
431.3,431.5
431.5,431.9
432.1,432.2
432.2,432.3
433.1,433.2
433.2,433.3
434.9,434.13
434.13,434.2
434.2,434.7
434.7,434.8
434.8,434.6
434.6,434.10
434.10,434.12
434.12,434.3
434.3,434.4
434.4,434.1
434.1,434.11
434.11,434.5
435.11,435.1
435.1,435.12
435.12,435.13
435.13,435.2
435.2,435.3
435.3,435.9
435.9,435.10
435.10,435.8
435.8,435.4
435.4,435.5
435.5,435.6
435.6,435.7
436.1,436.7
436.7,436.12
436.12,436.5
436.5,436.10
436.10,436.11
436.11,436.2
436.2,436.3
436.3,436.9
436.9,436.8
436.8,436.4
436.4,436.6
437.1,437.3
437.3,437.2
437.2,437.5
437.5,437.4
438.10,438.7
438.7,438.2
438.2,438.3
438.3,438.11
438.11,438.12
438.12,438.4
438.4,438.8
438.8,438.13
438.13,438.14
438.14,438.5
438.5,438.6
438.6,438.9
438.9,438.1
439.3,439.9
439.9,439.10
439.10,439.4
439.4,439.7
439.7,439.2
439.2,439.5
439.5,439.6
439.6,439.8
439.8,439.1
440.1,440.3
440.3,440.4
440.4,440.5
440.5,440.6
440.6,440.7
440.7,440.2
441.1,441.2
441.2,441.4
441.4,441.3
442.1,442.5
442.5,442.2
442.2,442.9
442.9,442.7
442.7,442.8
442.8,442.3
442.3,442.4
442.4,442.6
443.2,443.1
443.1,443.3
443.3,443.5
443.5,443.4
444.10,444.12
444.12,444.18
444.18,444.19
444.19,444.4
444.4,444.6
444.6,444.14
444.14,444.8
444.8,444.1
444.1,444.11
444.11,444.15
444.15,444.17
444.17,444.7
444.7,444.9
444.9,444.13
444.13,444.16
444.16,444.2
444.2,444.20
444.20,444.3
444.3,444.5
445.3,445.9
445.9,445.1
445.1,445.2
445.2,445.4
445.4,445.5
445.5,445.6
445.6,445.7
445.7,445.8
446.1,446.5
446.5,446.6
446.6,446.9
446.9,446.2
446.2,446.3
446.3,446.4
446.4,446.7
446.7,446.8
446.8,446.11
446.11,446.10
447.17,447.5
447.5,447.14
447.14,447.1
447.1,447.7
447.7,447.3
447.3,447.10
447.10,447.13
447.13,447.15
447.15,447.2
447.2,447.6
447.6,447.8
447.8,447.16
447.16,447.11
447.11,447.12
447.12,447.9
447.9,447.4
448.1,448.2
448.2,448.3
449.6,449.1
449.1,449.3
449.3,449.4
449.4,449.7
449.7,449.8
449.8,449.9
449.9,449.2
449.2,449.5
450.1,450.3
450.3,450.2
451.1,451.2
451.2,451.3
451.3,451.4
451.4,451.5
451.5,451.6
452.5,452.1
452.1,452.2
452.2,452.3
452.3,452.4
453.14,453.1
453.1,453.12
453.12,453.13
453.13,453.3
453.3,453.6
453.6,453.9
453.9,453.7
453.7,453.8
453.8,453.10
453.10,453.11
453.11,453.2
453.2,453.5
453.5,453.4
454.22,454.10
454.10,454.11
454.11,454.14
454.14,454.19
454.19,454.21
454.21,454.8
454.8,454.12
454.12,454.13
454.13,454.2
454.2,454.20
454.20,454.3
454.3,454.6
454.6,454.1
454.1,454.15
454.15,454.18
454.18,454.9
454.9,454.16
454.16,454.17
454.17,454.4
454.4,454.5
454.5,454.7
455.1,455.3
455.3,455.4
455.4,455.2
456.16,456.9
456.9,456.4
456.4,456.1
456.1,456.11
456.11,456.12
456.12,456.3
456.3,456.5
456.5,456.7
456.7,456.10
456.10,456.15
456.15,456.2
456.2,456.6
456.6,456.8
456.8,456.13
456.13,456.14
457.5,457.2
457.2,457.1
457.1,457.3
457.3,457.6
457.6,457.4
458.5,458.1
458.1,458.2
458.2,458.4
458.4,458.3
459.9,459.6
459.6,459.1
459.1,459.2
459.2,459.3
459.3,459.4
459.4,459.5
459.5,459.7
459.7,459.8
460.2,460.4
460.4,460.5
460.5,460.1
460.1,460.3
460.3,460.7
460.7,460.8
460.8,460.6
461.4,461.1
461.1,461.11
461.11,461.2
461.2,461.9
461.9,461.12
461.12,461.10
461.10,461.14
461.14,461.15
461.15,461.6
461.6,461.7
461.7,461.8
461.8,461.13
461.13,461.5
461.5,461.3
462.2,462.3
462.3,462.5
462.5,462.6
462.6,462.7
462.7,462.4
462.4,462.1
462.1,462.8
463.4,463.1
463.1,463.2
463.2,463.3
463.3,463.5
463.5,463.6
463.6,463.7
464.1,464.10
464.10,464.2
464.2,464.9
464.9,464.4
464.4,464.8
464.8,464.3
464.3,464.7
465.2,465.5
465.5,464.5
464.5,464.6
464.6,465.1
465.1,465.3
465.3,465.4
465.4,465.6
465.6,465.7
465.7,465.8
466.1,466.2
466.2,466.3
466.3,466.4
466.4,466.5
466.5,466.7
466.7,466.6
467.1,467.2
467.2,467.3
467.3,467.4
468.4,468.1
468.1,468.2
468.2,468.3
468.3,468.7
468.7,468.8
468.8,468.9
468.9,468.5
468.5,468.6
469.1,469.10
469.10,469.11
469.11,469.3
469.3,469.2
469.2,469.4
469.4,469.5
469.5,469.7
469.7,469.8
469.8,469.9
469.9,469.6
470.15,470.2
470.2,470.12
470.12,470.1
470.1,470.11
470.11,470.19
470.19,470.7
470.7,470.10
470.10,470.17
470.17,470.18
470.18,470.4
470.4,470.6
470.6,470.8
470.13,470.16
470.16,470.5
470.5,470.9
470.9,470.14
470.14,470.3
471.13,471.14
471.14,471.16
471.16,471.2
471.2,471.5
471.5,471.9
471.9,471.7
471.7,471.20
471.20,471.12
471.12,471.15
471.15,471.6
471.6,471.8
471.8,471.17
471.17,471.4
471.4,471.1
471.1,471.10
471.10,471.11
471.11,471.18
471.18,471.19
471.19,471.3
472.9,472.10
472.10,472.11
472.11,472.3
472.3,472.4
472.4,472.1
472.1,472.2
472.2,472.5
472.5,472.6
472.6,472.7
472.7,472.8
473.9,473.11
473.11,473.13
473.13,473.3
473.3,473.5
473.5,473.6
473.6,473.7
473.7,473.1
473.1,473.10
473.10,473.12
473.12,473.2
473.2,473.4
473.4,473.8
474.1,474.2
474.2,474.4
474.4,474.5
474.5,474.6
474.6,474.8
474.8,474.7
474.7,474.3
475.3,475.7
475.7,475.2
475.2,475.6
475.6,475.5
475.5,475.1
475.1,475.4
477.11,477.4
477.4,477.1
477.1,477.13
477.13,477.15
477.15,477.3
477.3,477.7
477.7,477.8
477.8,477.5
477.5,477.9
477.9,477.12
477.14,477.2
477.10,477.6
477.6,478.1
478.1,478.2
478.2,478.4
478.4,478.6
478.6,478.7
478.7,478.8
478.8,478.5
478.5,478.3
479.1,479.3
479.3,479.2
480.10,480.13
480.13,480.17
480.17,480.2
480.2,480.7
480.7,480.9
480.9,480.1
480.1,480.14
480.14,480.15
480.15,480.6
480.6,480.11
480.11,480.18
480.18,480.3
480.3,480.8
480.8,480.12
480.12,480.16
480.16,480.4
480.4,480.5
481.4,481.7
481.7,481.1
481.1,481.2
481.2,481.8
481.8,481.9
481.9,481.3
481.3,481.6
481.6,481.5
482.9,482.2
482.2,482.3
482.3,482.5
482.5,482.8
482.8,482.6
482.6,482.1
482.7,482.4
483.1,483.4
483.4,483.5
483.5,483.7
483.7,483.10
483.10,483.2
483.2,483.3
483.3,483.9
483.9,483.6
483.6,483.8
484.4,484.5
484.5,484.2
484.2,484.1
484.1,484.6
484.6,484.3
485.1,485.10
485.10,485.13
485.13,485.16
485.16,485.3
485.3,485.4
485.4,485.12
485.12,485.14
485.14,485.6
485.6,485.5
485.5,485.11
485.11,485.15
485.15,485.2
485.2,485.7
485.7,485.8
485.8,485.9
486.1,486.3
486.3,486.4
486.4,486.5
486.5,486.6
487.1,487.2
487.2,487.4
487.4,487.6
487.6,486.2
486.2,487.3
487.3,487.5
488.3,488.6
488.6,488.1
488.1,488.2
488.2,488.4
488.4,488.7
488.7,488.5
489.2,489.4
489.4,489.5
489.5,489.6
489.6,489.8
489.8,489.9
489.9,489.7
489.7,489.1
490.1,490.4
490.4,490.5
490.5,490.8
490.8,490.9
490.9,490.2
490.2,490.6
490.7,490.3
491.3,491.2
491.2,491.5
491.5,491.1
491.1,491.4
491.4,491.6
492.13,492.4
492.4,492.3
492.3,492.16
492.16,492.6
492.6,492.10
492.10,492.12
492.12,492.14
492.14,492.2
492.2,492.7
492.7,492.8
492.8,492.9
492.9,492.1
492.1,492.11
492.11,492.15
492.15,492.5
493.2,493.1
493.1,493.3
493.3,493.4
493.4,493.5
493.5,493.6
493.6,493.7
494.4,494.2
494.2,494.1
494.1,494.3
495.1,495.3
495.3,495.4
495.4,495.2
496.1,496.2
496.2,496.3
496.3,496.4
